0.283662 0.398004
0.281582 0.394744
0.291799 0.414684
0.167431 0.202539
0.287288 0.405319
0.268394 0.36831
0.178416 0.218202
0.70013 2.36381
0.637317 1.77599
0.775947 3.55181
0.00893222 0.0090868
0.479584 0.928474
0.28596 0.401267
0.184957 0.22714
0.261566 0.355073
0.521161 1.10672
0.0845689 0.0926932
0.771722 3.42197
0.224248 0.290945
0.100729 0.112693
0.131466 0.152103
0.411081 0.699763
0.687931 2.2135
0.0639107 0.0683205
0.222505 0.28635
0.14675 0.172063
0.676603 2.09925
0.247888 0.334698
0.347744 0.540897
0.194574 0.244091
0.455555 0.852125
0.342594 0.526689
0.589847 1.46488
0.458879 0.870318
0.343768 0.534465
0.393334 0.659143
0.0751016 0.0822528
0.222062 0.289222
0.460291 0.872026
0.128758 0.149633
0.221387 0.289753
0.346815 0.536808
0.510096 1.15772
0.169627 0.20568
0.37591 0.608423
0.526302 1.30012
0.560262 1.89923
0.710101 2.61141
0.775224 3.73508
0.76641 4.12613
