0.657973 2.01413
0.565241 1.36145
0.629184 1.77799
0.637236 1.82479
0.649787 1.92774
0.629587 1.77431
0.615532 1.66308
0.689197 2.30825
0.592066 1.50692
0.609096 1.61858
0.63625 1.83441
0.601058 1.56432
0.614205 1.65929
0.55626 1.31681
0.707744 2.60258
0.670391 2.12747
0.646983 1.90944
0.635695 1.80846
0.579933 1.43809
0.620188 1.70019
0.597452 1.54151
0.657949 1.99892
0.60232 1.57045
0.622246 1.70281
0.613365 1.65027
0.608687 1.61251
0.622998 1.72023
0.616497 1.67355
0.638437 1.85366
0.707877 2.53624
0.590396 1.49801
0.65635 1.97678
0.745977 3.08064
0.584644 1.47114
0.547396 1.2703
0.700535 2.54603
0.829101 5.31539
0.720219 2.79276
0.716982 2.74573
0.787431 4.04448
0.762449 3.47689
0.834024 5.67685
0.803448 4.54462
0.744759 3.1865
0.567999 1.4928
0.762176 3.52769
0.677114 2.29574
0.767197 3.58581
0.61774 1.78669
0.753454 5.1328
