0.00331526 0.029785
0.00994223 0.097035
0.0374039 0.332792
0.0281026 0.240273
0.0623855 0.649718
0.054486 0.730307
0.0182438 0.373696
0.0877908 0.882577
0.011508 0.645203
0.019238 0.763108
0.0979586 1.5959
0.200897 0.751062
0.0351796 0.947473
0.100958 0.687892
0.16335 0.625894
0.0405454 0.191231
0.272437 1.55854
0.0915874 2.45887
0.11726 0.693187
0.136363 0.923947
0.107064 0.833151
0.151449 1.28199
0.0718338 0.647722
0.0611109 0.54575
0.0360425 0.302542
0.0408846 0.704678
0.0753699 0.657244
0.0104776 0.0654477
0.0833433 0.723092
0.0286242 0.744735
0.00825807 0.108507
0.167932 0.620864
0.068903 0.725122
0.0162607 0.115076
0.0448141 0.481692
0.0396827 0.545061
0.0955113 0.480238
0.0563383 0.742793
0.103229 0.634999
0.0485984 0.579488
0.00646213 0.0668067
0.0461332 0.555371
0.0652159 0.343361
0.0340473 0.719877
0.0606913 0.933607
0.0343054 0.434802
0.0548984 0.78729
0.00471159 0.026006
0.0092301 0.040573
0.0544479 0.517454
