0.25783 0.348127
0.0707704 0.0762766
0.294303 0.419738
0.268004 0.367048
0.29202 0.412842
0.285232 0.401245
0.169414 0.205324
0.306832 0.443335
0.0579426 0.0616448
0.0973642 0.10811
0.249177 0.332246
0.144264 0.169303
0.241804 0.319675
0.0514026 0.0543203
0.565121 1.30366
0.391978 0.647633
0.236571 0.310561
0.221972 0.28616
0.0520883 0.0550756
0.233625 0.305541
0.10234 0.114216
0.281825 0.394262
0.147355 0.173563
0.0919525 0.101522
0.126163 0.145018
0.09656 0.107098
0.175757 0.214212
0.120731 0.137627
0.199193 0.248968
0.423932 0.736897
0.0568622 0.0604121
0.334523 0.505207
0.636505 1.77158
0.160771 0.192114
0.131508 0.15176
0.408754 0.692526
0.689733 2.23036
0.169754 0.206153
0.190323 0.237297
0.444123 0.812583
0.387533 0.640723
0.510653 1.06378
0.322525 0.485086
0.393551 0.659113
0.0723311 0.0791345
0.46005 0.867619
0.223682 0.291892
0.51824 1.09591
0.166242 0.200513
0.11725 0.149402
