0.000493333 0.001
0.00045 0.0009
0.00063 0.00126
0.000463333 0.00094
0.000996667 0.00202
0.00110833 0.00235
0.00045 0.0009
0.00045 0.0009
0.00102333 0.00206
0.000463333 0.00094
0.000883333 0.00178
0.000483333 0.00098
0.000496667 0.00102
0.00052 0.00108
0.00109 0.00218
0 0
0.000743333 0.0015
0.00055 0.0011
6.66667e-06 1e-05
0.00101 0.00207
0.00114667 0.00236
0.00054 0.00109
0.000543333 0.0011
0.00170667 0.00349
6.66667e-06 1e-05
0.000573333 0.00116
0.000466667 0.00096
0.000461667 0.00098
0.00044 0.00088
0.00051 0.00102
0.000493333 0.001
0.00045 0.0009
0.000606667 0.00124
0.000443333 0.0009
0.00045 0.0009
0.00089 0.00178
0 0
0.0007 0.00144
0 0
0 0
0.000523333 0.00104
0.000376667 0.00075
0.000435 0.0009
0.000496667 0.00102
0.00049 0.00099
0.000573333 0.0012
0.00063 0.00126
0.000633333 0.00128
0 0
0.00048 0.00096
