0.290153 0.411529
0.289699 0.41075
0.169789 0.205922
0.568783 1.32268
0.283862 0.398701
0.176694 0.215689
0.697795 2.3347
0.622563 1.66672
0.768528 3.44975
0.010627 0.0108048
0.482748 0.943603
0.272344 0.376715
0.160353 0.191501
0.134052 0.155115
0.289605 0.407943
0.25872 0.349691
0.518641 1.08932
0.774517 3.48356
0.221594 0.286614
0.128694 0.148303
0.408497 0.692319
0.689205 2.2271
0.0643264 0.0687898
0.147215 0.172704
0.0344725 0.0357426
0.124349 0.142211
0.673137 2.06556
0.151889 0.179216
0.217536 0.281158
0.208681 0.266643
0.190964 0.238049
0.449388 0.830014
0.157597 0.189084
0.397031 0.665619
0.0678681 0.0736833
0.217585 0.282307
0.458472 0.863896
0.132654 0.154534
0.203942 0.25886
0.349473 0.545006
0.601347 1.78054
0.498332 1.12824
0.169318 0.205689
0.373702 0.603058
0.528215 1.33637
0.382882 0.758458
0.596648 1.99967
0.717874 2.73457
0.778101 3.93052
0.767946 3.92327
