0.627459 1.7697
0.630093 1.77653
0.614028 1.65374
0.707412 2.58318
0.659618 2.01711
0.618971 1.69106
0.785725 3.88685
0.747169 3.10802
0.812793 5.57809
0.428756 0.807123
0.713517 2.8003
0.670566 2.3352
0.585792 1.48008
0.548057 1.27183
0.624914 1.75584
0.621903 1.73887
0.71154 2.6628
0.850238 6.66619
0.606787 1.63139
0.546693 1.29417
0.693982 2.47661
0.833405 5.46254
0.389015 0.673169
0.418247 0.773484
0.374363 0.63839
0.40065 0.722477
0.766492 3.54917
0.475498 0.973348
0.722029 2.86824
0.714464 2.76227
0.716948 2.74751
0.782305 3.90595
0.68236 2.44717
0.746958 3.21863
0.564789 1.47535
0.67054 2.23917
0.748198 3.28088
0.648472 2.02345
0.684159 2.36835
0.689877 2.49999
0.716933 4.0266
0.672055 3.12632
0.618585 1.79609
0.696904 2.53126
0.763888 4.97984
0.797257 6.4063
0.859791 11.9094
0.859779 7.75156
0.891018 10.8172
0.915159 18.0991
