0.705417 2.51881
0.629863 1.79319
0.631151 1.78768
0.616447 1.67067
0.65427 1.96814
0.653082 1.95208
0.620723 1.70459
0.786735 3.92368
0.747759 3.11371
0.793354 4.84759
0.423123 0.787446
0.71736 2.8532
0.654329 1.98636
0.593808 1.54382
0.620006 1.7279
0.708216 2.62109
0.529821 1.20625
0.843455 6.25631
0.607503 1.63489
0.523727 1.18629
0.54501 1.28409
0.697294 2.50647
0.831793 5.40114
0.389096 0.673276
0.542578 1.26455
0.4171 0.769412
0.767697 3.58093
0.725774 2.90872
0.752844 3.34637
0.718574 2.76202
0.789592 4.0798
0.743066 3.13602
0.809301 4.60634
0.811811 4.8252
0.755991 3.57213
0.750401 3.28499
0.569048 1.50431
0.679855 2.33704
0.758621 3.46073
0.653378 2.06239
0.678879 2.32075
0.699147 2.61521
0.662125 2.85641
0.613368 1.75414
0.701244 2.58246
0.76093 4.81205
0.873597 13.3162
0.870309 8.79382
0.899021 11.5306
0.903475 16.0061
