0.473564 0.909327
0.862439 6.39754
0.56574 1.30744
0.619385 1.65188
0.773544 3.52454
0.644815 1.81749
0.560526 1.27828
0.54815 1.22075
0.148845 0.174936
0.480256 0.929217
0.908902 10.1184
0.673135 2.06877
0.482331 0.940582
0.219593 0.283975
0.555644 1.27472
0.415229 0.714132
0.359258 0.572027
0.642064 1.80662
0.282425 0.399995
0.389489 0.647927
0.109931 0.123985
0.187226 0.231912
0.407643 0.691758
0.64438 1.8169
0.485502 0.95413
0.740935 2.90005
0.628721 1.72652
0.254023 0.341914
0.575786 1.57775
0.489736 1.12239
0.565469 1.46453
0.571073 1.33226
0.288042 0.450253
0.498199 1.21864
0.141571 0.171232
0.164213 0.207613
0.300076 0.43249
0.731752 2.96056
0.794605 4.41279
0.10533 0.120679
0.782557 4.80673
0.130587 0.154071
0.0860644 0.0954218
0.180145 0.22417
0.12038 0.24118
0.131447 0.267013
0.293978 0.597363
0.00147 0.00298
0 0
0.0011 0.00221
