0 0
0 0
0.000563333 0.00114
0.000416667 0.00083
0.000473333 0.00096
0.00049 0.00098
0.0005 0.00104
0.00049 0.00098
0.000561667 0.00118
0.00047 0.00094
0.00099 0.00199
0.00057 0.00114
0.000646667 0.00129
0.00052 0.00104
0.00056 0.00112
0 0
0.00106333 0.00214
0.001565 0.0032
0.00044 0.00088
0.00102333 0.00206
0.0013 0.0026
0.00108 0.00216
0.00052 0.00104
0.00108 0.00217
0.00044 0.00088
0.0004 0.0008
0.00053 0.00106
6.66667e-06 1e-05
0.00042 0.00085
0.000503333 0.00102
0 0
0.0005 0.001
0.0005 0.001
0 0
0.000553333 0.00112
0.000453333 0.00092
0.000543333 0.0011
0.00041 0.00082
0.00029 0.00058
0.000353333 0.00072
0 0
0.00053 0.00107
0.00037 0.00074
0.00033 0.00066
0.00043 0.00086
0.000583333 0.00118
0.00052 0.00104
0 0
0 0
0.00046 0.00092
