0.711523 2.61455
0.92551 15.1013
0.708609 2.60861
0.803036 4.97863
0.801918 5.23785
0.792364 4.11259
0.62569 1.87351
0.931445 19.2023
0.685286 2.44466
0.775889 3.91444
0.673894 2.5159
0.753347 3.37059
0.445673 1.13044
0.248496 0.549544
0.490595 1.47404
0.832393 5.87898
0.866989 7.70267
0.561879 2.15914
0.627027 2.48393
0.728109 4.29563
0.657539 2.80047
0.746712 5.07499
0.781048 4.18044
0.7551 4.81012
0.300676 0.914332
0.304378 1.20007
0.472615 3.24726
0.864636 8.20909
0.90075 11.6689
0.193809 0.362643
0.897855 14.6235
0.0960511 0.235416
0.250428 0.576481
0.021768 0.0456024
0.000212652 0.00256457
0.000657942 0.00276904
0.133936 0.395682
0.0207273 0.148094
0.00145868 0.00645678
0.00426604 0.0300933
0.205428 2.90032
0.434559 1.87176
0.0483407 0.518347
0.0193418 0.119912
0.00567755 0.0163897
0.141905 0.699491
0.0149892 0.0662705
0.0121623 0.121252
0.0626362 0.209556
0.0744294 0.348396
