0.0262979 0.590482
0.037436 0.32821
0.0600993 0.663204
0.0183194 0.463615
0.13525 1.43976
0.0978443 1.58441
0.0571084 0.63638
0.121714 0.750293
0.123856 1.4735
0.0836977 0.667949
0.049497 1.39354
0.0472026 0.626441
0.0335977 0.941789
0.0846217 0.515639
0.161052 0.795235
0.0409022 0.187521
0.109112 0.822623
0.107645 0.667587
0.0343151 0.145971
0.0924244 1.30173
0.0628976 0.573447
0.0370377 0.256478
0.0750475 0.663519
0.15199 1.62444
0.0215331 0.201057
0.0975924 0.619527
0.0405426 0.30804
0.0303735 0.860339
0.0399397 0.678729
0.026068 0.488821
0.0635319 0.828124
0.0688991 0.734903
0.0265354 0.728535
0.0451492 0.47901
0.0663531 0.845978
0.155035 1.10702
0.00599536 0.028906
0.0953667 0.460574
0.00637332 0.027313
0.0135536 0.0597813
0.046954 0.553898
0.0856159 0.654786
0.0644033 0.374828
0.0349119 0.647633
0.0323665 0.38652
0.0197309 0.556293
0.0562622 0.734629
0.0425437 0.297403
0.00493998 0.031356
0.0572822 0.580602
