0.711572 2.61738
0.928735 16.0818
0.70017 2.49382
0.80306 4.98466
0.807242 5.23305
0.798639 4.28021
0.72483 2.85267
0.634236 1.93836
0.414828 0.764124
0.651515 2.04938
0.928656 18.1291
0.765866 3.53558
0.796297 4.2763
0.691026 2.51512
0.771917 3.82279
0.672188 2.48589
0.749702 3.32252
0.820481 6.01779
0.427285 1.03814
0.657523 2.96624
0.238176 0.550586
0.475542 1.39576
0.685705 3.63127
0.821125 5.54606
0.735676 3.0881
0.874943 8.26687
0.850152 8.35569
0.630085 2.45271
0.740814 4.49965
0.665387 2.92231
0.735244 4.62267
0.781348 4.16885
0.674 3.58544
0.763429 4.85092
0.32971 1.07566
0.368786 1.75797
0.49916 3.3328
0.861111 7.87726
0.894691 11.0902
0.197799 0.373278
0.907965 16.5847
0.0975812 0.240592
0.293452 0.671268
0.258474 0.524727
0.1157 0.303324
0.18309 2.4594
0.415524 1.71267
0.141012 0.750313
0.0129738 0.144408
0.136081 0.960328
