0.486431 0.95647
0.86047 6.34219
0.562347 1.29047
0.612871 1.60257
0.778747 3.62533
0.645504 1.8232
0.552722 1.24471
0.910928 10.3986
0.220699 0.286812
0.547337 1.22515
0.414946 0.713934
0.368242 0.592177
0.287172 0.409211
0.110579 0.124804
0.187167 0.231884
0.639946 1.78096
0.746766 2.98466
0.207127 0.263316
0.256547 0.347128
0.580267 1.56497
0.515491 1.19376
0.558476 1.36545
0.57194 1.33697
0.518133 1.23552
0.146664 0.178652
0.161424 0.202463
0.302884 0.438117
0.716379 2.69552
0.786056 4.144
0.112409 0.129836
0.777491 4.0335
0.113895 0.132579
0.0884121 0.0982544
0.0153734 0.0163394
0 0
0 0
0.080315 0.16069
4.66667e-05 7e-05
0 0
0 0
0.161827 0.3302
0.244363 0.496258
0.00058 0.00116
0 0
0 0
0.00151 0.00303
6.66667e-06 1e-05
0 0
0.00058 0.00116
0.00044 0.00088
