1 115814
2 141366
3 83132
4 194158
5 216414
6 121445
7 180451
8 101212
9 91491
10 54947
11 195017
12 38588
13 117478
14 1605
15 120444
16 181393
17 190538
18 30798
19 230197
20 249372
21 256469
22 118906
23 110340
24 249557
25 29416
26 185105
27 252989
28 84778
29 78021
30 63203
31 145986
32 224688
33 111786
34 6587
35 32321
36 142919
37 32685
38 19740
39 170903
40 89619
41 143016
42 196940
43 86128
44 109705
45 249872
46 103640
47 219264
48 110274
49 119958
50 168574
51 183461
52 15219
53 11112
54 198552
55 222816
56 28477
57 18502
58 151138
59 195780
60 110805
61 117506
62 182363
63 205349
64 256424
65 49936
66 36780
67 157900
68 159319
69 123289
70 69044
71 237642
72 132770
73 196834
74 45715
75 26363
76 256483
77 148437
78 146058
79 204285
80 31940
81 42162
82 72905
83 168020
84 240028
85 52721
86 99194
87 134909
88 203759
89 216181
90 216502
91 232516
92 235681
93 16829
94 61912
95 59234
96 64970
97 80204
98 13873
99 147823
100 135278
101 251445
102 42914
103 232234
104 191610
105 157529
106 92565
107 29087
108 132503
109 83366
110 78556
111 199815
112 230257
113 232674
114 39732
115 162225
116 169678
117 121895
118 5316
119 24833
120 227927
121 94445
122 21857
123 77762
124 35884
125 36179
126 134360
127 143363
128 172691
129 201970
130 243649
131 247971
132 254332
133 192449
134 158244
135 197980
136 35422
137 86179
138 96571
139 245813
140 33761
141 68935
142 121454
143 213924
144 222202
145 12534
146 101061
147 139134
148 145236
149 171120
150 42099
151 89585
152 96013
153 204257
154 46403
155 94473
156 258176
157 53940
158 163812
159 192224
160 204181
161 71085
162 234237
163 29844
164 54744
165 97659
166 79969
167 140057
168 181321
169 231830
170 118175
171 147262
172 210560
173 219498
174 255164
175 139875
176 187857
177 110285
178 22139
179 59948
180 118865
181 129723
182 177168
183 190044
184 199022
185 203586
186 61689
187 105468
188 169956
189 175766
190 219906
191 229423
192 229772
193 233497
194 19660
195 58982
196 66634
197 79820
198 80676
199 84462
200 103371
201 135109
202 192825
203 215309
204 20959
205 35462
206 36501
207 37280
208 50551
209 108366
210 108566
211 124973
212 115827
213 157902
214 160655
215 172414
216 194886
217 202642
218 134002
219 229201
220 234417
221 245561
222 246580
223 249175
224 46525
225 179065
226 124254
227 161425
228 203683
229 236812
230 240189
231 26063
232 31046
233 98634
234 101542
235 161082
236 177196
237 199446
238 52243
239 64926
240 76594
241 90954
242 140306
243 145263
244 166548
245 178197
246 28480
247 228598
248 257959
249 17923
250 22747
251 26530
252 47258
253 53241
254 93442
255 95402
256 98003
257 109865
258 111640
259 126255
260 141663
261 180529
262 199769
263 237909
264 239034
265 239621
266 250812
267 258719
268 31552
269 18062
270 74877
271 89983
272 122717
273 131874
274 71395
275 149353
276 171896
277 191156
278 204699
279 234489
280 2541
281 7876
282 22594
283 48221
284 92845
285 101621
286 106560
287 106853
288 119987
289 130196
290 139956
291 183981
292 188682
293 225298
294 59676
295 94175
296 140982
297 171928
298 24727
299 36735
300 68386
301 69615
302 173184
303 188208
304 189034
305 190586
306 215097
307 219794
308 220214
309 226236
310 233498
311 247670
312 251139
313 257330
314 136325
315 139497
316 11646
317 33615
318 71929
319 84968
320 116319
321 125128
322 142511
323 179380
324 181873
325 186313
326 196596
327 204023
328 227197
329 232121
330 237599
331 244331
332 27752
333 34364
334 46342
335 60590
336 64711
337 73364
338 74394
339 85174
340 93884
341 96418
342 100511
343 113565
344 116318
345 125320
346 136345
347 142281
348 173156
349 175666
350 179019
351 186848
352 187279
353 192487
354 203132
355 209372
356 219866
357 249110
358 252237
359 258314
360 42413
361 106309
362 112962
363 165858
364 204130
365 208111
366 210168
367 6169
368 15164
369 23791
370 30827
371 43272
372 47219
373 47597
374 47802
375 50841
376 59184
377 87304
378 105677
379 125804
380 127131
381 134749
382 190216
383 135336
384 158722
385 187832
386 188098
387 190582
388 197845
389 200029
390 225699
391 227785
392 233475
393 251475
394 39832
395 40368
396 52696
397 77972
398 93149
399 102580
400 106508
401 113841
402 162116
403 196124
404 203947
405 210572
406 219601
407 11726
408 12288
409 24089
410 27798
411 28261
412 33645
413 39843
414 45654
415 50066
416 53647
417 68824
418 73399
419 101773
420 105590
421 126203
422 145782
423 146462
424 152265
425 161090
426 200148
427 201590
428 210916
429 239398
430 138656
431 224663
432 225175
433 231634
434 236837
435 27553
436 41885
437 45140
438 47401
439 51125
440 56641
441 79012
442 86857
443 91572
444 92374
445 70260
446 93289
447 95204
448 124207
449 129353
450 139349
451 165772
452 207961
453 115046
454 213794
455 239224
456 240509
457 248808
458 13809
459 16375
460 28337
461 30760
462 35813
463 37130
464 40169
465 51216
466 56261
467 65483
468 66855
469 89352
470 221294
471 93776
472 95639
473 96494
474 106688
475 117790
476 154103
477 162263
478 657
479 162350
480 162529
481 167972
482 183250
483 200987
484 213801
485 216253
486 226589
487 226613
488 234333
489 236016
490 241035
491 243224
492 243573
493 47686
494 68270
495 102445
496 119091
497 141681
498 159779
499 183020
500 195923
501 198156
502 210162
503 239047
504 250247
505 252396
506 15291
507 19017
508 20042
509 23677
510 32095
511 33459
512 37780
513 43081
514 207388
515 50235
516 53071
517 59516
518 84014
519 86538
520 87321
521 91371
522 100568
523 106564
524 110148
525 110502
526 118124
527 119434
528 120044
529 126514
530 127736
531 129534
532 132283
533 136376
534 158480
535 168143
536 169360
537 172316
538 172584
539 172780
540 183481
541 190176
542 197768
543 210022
544 213184
545 30601
546 215009
547 217319
548 220278
549 225063
550 231561
551 233633
552 244387
553 301
554 2767
555 12352
556 16559
557 19261
558 26594
559 28474
560 32206
561 39399
562 42025
563 43383
564 44701
565 46414
566 47800
567 52635
568 54670
569 58844
570 59005
571 69037
572 70832
573 73357
574 75503
575 240318
576 76248
577 78243
578 79931
579 83450
580 86174
581 90300
582 105912
583 116322
584 120640
585 125399
586 126159
587 128253
588 129840
589 138325
590 138751
591 139135
592 139588
593 149275
594 158547
595 169809
596 179193
597 205306
598 216190
599 220410
600 223871
601 229825
602 25809
603 233083
604 237104
605 237789
606 241196
607 242242
608 103662
609 246238
610 249615
611 249620
612 250218
613 250395
614 198
615 509
616 11686
617 82922
618 17172
619 112654
620 18287
621 27258
622 30647
623 41577
624 43703
625 50334
626 50852
627 52605
628 61747
629 83844
630 88908
631 92809
632 103696
633 109095
634 125312
635 143295
636 130176
637 140185
638 140457
639 142828
640 146119
641 156869
642 172407
643 215108
644 178420
645 186454
646 189630
647 190976
648 197577
649 198125
650 201552
651 210276
652 217875
653 219199
654 224850
655 229519
656 218408
657 258269
658 92496
659 258578
660 1204
661 8393
662 8975
663 10911
664 19103
665 3294
666 28390
667 30383
668 251350
669 100676
670 31098
671 35825
672 44495
673 49932
674 144695
675 55155
676 56208
677 57276
678 64720
679 65244
680 65284
681 77836
682 200056
683 80687
684 91147
685 91248
686 93254
687 93722
688 104009
689 109222
690 114100
691 116809
692 117220
693 119912
694 120991
695 121216
696 123637
697 125928
698 128368
699 132691
700 135908
701 140518
702 141909
703 144669
704 145253
705 145885
706 147386
707 148847
708 152873
709 156166
710 158700
711 164892
712 165309
713 165538
714 166638
715 171158
716 173105
717 179015
718 182138
719 183354
720 184152
721 188203
722 188469
723 192114
724 201700
725 202111
726 202571
727 204944
728 207273
729 213315
730 224533
731 226844
732 226961
733 23753
734 232765
735 235862
736 236873
737 241375
738 241828
739 247305
740 249959
741 253212
742 50233
743 258728
744 2106
745 20326
746 30313
747 32087
748 43943
749 38178
750 40784
751 53774
752 55224
753 59510
754 71436
755 74672
756 75866
757 76110
758 78282
759 79438
760 123436
761 80323
762 86381
763 86542
764 184608
765 103605
766 105742
767 108299
768 109599
769 114030
770 123744
771 130021
772 133841
773 240744
774 133930
775 177805
776 178702
777 181628
778 184459
779 189589
780 196304
781 144025
782 204212
783 233821
784 235548
785 239904
786 240794
787 245339
788 249285
789 254010
790 256907
791 3785
792 5122
793 5443
794 9586
795 150185
796 9703
797 11315
798 127971
799 11959
800 12809
801 25020
802 27824
803 32523
804 37945
805 39978
806 42009
807 43316
808 44524
809 47414
810 52889
811 54863
812 55520
813 61991
814 63824
815 64368
816 66733
817 76427
818 79345
819 81173
820 82539
821 83339
822 83423
823 93070
824 103382
825 105455
826 109824
827 112356
828 113927
829 116829
830 127654
831 133271
832 135144
833 136603
834 136799
835 137175
836 141532
837 143858
838 146923
839 147876
840 150574
841 152491
842 152616
843 159692
844 167828
845 122348
846 183856
847 184510
848 186720
849 189142
850 192594
851 7956
852 195090
853 6274
854 202331
855 203058
856 206441
857 210392
858 214408
859 217350
860 218004
861 141119
862 219047
863 221094
864 222906
865 225968
866 234848
867 237340
868 240789
869 247026
870 247620
871 258846
872 248111
873 194854
874 129134
875 252995
876 4478
877 10618
878 13139
879 21201
880 45039
881 46492
882 50673
883 50817
884 60174
885 62089
886 67240
887 70128
888 72533
889 107587
890 108344
891 24830
892 109938
893 47496
894 110003
895 113582
896 118277
897 127057
898 131881
899 136156
900 137557
901 139695
902 142183
903 145344
904 251340
905 161277
906 164246
907 170398
908 172470
909 177082
910 182814
911 183326
912 186437
913 189374
914 191865
915 192576
916 209088
917 143742
918 64796
919 95638
920 192108
921 211726
922 253645
923 212560
924 218148
925 219402
926 220007
927 223095
928 227870
929 225636
930 226370
931 228574
932 116523
933 11080
934 237312
935 242601
936 246742
937 257331
938 4229
939 4666
940 5002
941 5984
942 9649
943 12807
944 21105
945 24280
946 25662
947 27113
948 31208
949 31486
950 33592
951 35482
952 35525
953 39504
954 43102
955 45996
956 47683
957 50961
958 110157
959 54087
960 55181
961 56537
962 58368
963 59708
964 60269
965 60757
966 67519
967 71015
968 74784
969 75404
970 75714
971 75976
972 76769
973 79685
974 80462
975 80710
976 82946
977 83869
978 124230
979 85900
980 88750
981 89335
982 89472
983 92431
984 95835
985 96196
986 96600
987 99607
988 99658
989 100969
990 100982
991 104952
992 106310
993 108064
994 108602
995 24270
996 112496
997 114221
998 115942
999 119256
1000 121457
1001 124732
1002 126401
1003 127607
1004 134683
1005 136349
1006 141481
1007 142871
1008 144007
1009 146291
1010 146491
1011 147586
1012 147600
1013 148260
1014 150169
1015 150466
1016 151825
1017 152762
1018 153910
1019 161459
1020 163532
1021 171196
1022 175637
1023 178435
1024 179547
1025 183349
1026 189265
1027 193134
1028 195216
1029 195341
1030 195812
1031 199760
1032 200888
1033 205638
1034 208284
1035 208343
1036 208353
1037 208820
1038 212727
1039 213669
1040 213745
1041 215866
1042 216837
1043 222438
1044 225516
1045 229458
1046 233595
1047 235972
1048 237528
1049 239219
1050 517
1051 3645
1052 5562
1053 8054
1054 16201
1055 18979
1056 18980
1057 19129
1058 22711
1059 25070
1060 25771
1061 26035
1062 30282
1063 37127
1064 237254
1065 39820
1066 227490
1067 40949
1068 43446
1069 251705
1070 45583
1071 47682
1072 48440
1073 49544
1074 50083
1075 50373
1076 50764
1077 51066
1078 51798
1079 53115
1080 53186
1081 54473
1082 55816
1083 58218
1084 60429
1085 60450
1086 60999
1087 61281
1088 63918
1089 64165
1090 67330
1091 67871
1092 70764
1093 72489
1094 107035
1095 73025
1096 73334
1097 75311
1098 75731
1099 81006
1100 87925
1101 88759
1102 89606
1103 90523
1104 94774
1105 95240
1106 97356
1107 176896
1108 98460
1109 103627
1110 105017
1111 183900
1112 105113
1113 107793
1114 112014
1115 115335
1116 116886
1117 118548
1118 119129
1119 121922
1120 122655
1121 123302
1122 128065
1123 128861
1124 129177
1125 130331
1126 134585
1127 136466
1128 142989
1129 144335
1130 145419
1131 151397
1132 151968
1133 155411
1134 156989
1135 157505
1136 158644
1137 158829
1138 160936
1139 161347
1140 167540
1141 101458
1142 199854
1143 162232
1144 166637
1145 168112
1146 169946
1147 171359
1148 175582
1149 177637
1150 178334
1151 182897
1152 183035
1153 183769
1154 184189
1155 184708
1156 136083
1157 184786
1158 184960
1159 188273
1160 217671
1161 11521
1162 189513
1163 191597
1164 192021
1165 193282
1166 194432
1167 196429
1168 201711
1169 201735
1170 203623
1171 205757
1172 208499
1173 211258
1174 211437
1175 212966
1176 213123
1177 216610
1178 222171
1179 222640
1180 225149
1181 226595
1182 232255
1183 233109
1184 233376
1185 234535
1186 238799
1187 242059
1188 241523
1189 241970
1190 242858
1191 244523
1192 246043
1193 246442
1194 249784
1195 250095
1196 27959
1197 251184
1198 75140
1199 255345
1200 256118
1201 257725
1202 305
1203 919
1204 2288
1205 5021
1206 5132
1207 5792
1208 6336
1209 6600
1210 8167
1211 9308
1212 9691
1213 13240
1214 14128
1215 24405
1216 27270
1217 27870
1218 38682
1219 38978
1220 40638
1221 41227
1222 42778
1223 42901
1224 42923
1225 44659
1226 49279
1227 50531
1228 56900
1229 59079
1230 59702
1231 60256
1232 60851
1233 19805
1234 61842
1235 62803
1236 63770
1237 65280
1238 65649
1239 254150
1240 67371
1241 69417
1242 71673
1243 75069
1244 8219
1245 75845
1246 77177
1247 78614
1248 80043
1249 83266
1250 86454
1251 88207
1252 88899
1253 89538
1254 90753
1255 93371
1256 93843
1257 94931
1258 97196
1259 101050
1260 103676
1261 105656
1262 106244
1263 108281
1264 109266
1265 111264
1266 122129
1267 123065
1268 167756
1269 233270
1270 126083
1271 129580
1272 135318
1273 143511
1274 144676
1275 147787
1276 26755
1277 147802
1278 149096
1279 151145
1280 73592
1281 153320
1282 153669
1283 155020
1284 155555
1285 160856
1286 161714
1287 161726
1288 164383
1289 127159
1290 164505
1291 164773
1292 166607
1293 168694
1294 171140
1295 173215
1296 175958
1297 191062
1298 177726
1299 182078
1300 191024
1301 195689
1302 198687
1303 200839
1304 201899
1305 203721
1306 111274
1307 246883
1308 205894
1309 206583
1310 210340
1311 212041
1312 212849
1313 214011
1314 214402
1315 215331
1316 218326
1317 219721
1318 220950
1319 221638
1320 223898
1321 225169
1322 225300
1323 229900
1324 231837
1325 232198
1326 236888
1327 236994
1328 239308
1329 240723
1330 242359
1331 243696
1332 251735
1333 252231
1334 254722
1335 257622
1336 70849
1337 258864
1338 218772
1339 479
1340 1038
1341 1460
1342 2110
1343 2430
1344 3995
1345 4545
1346 5584
1347 6181
1348 6251
1349 7025
1350 8989
1351 9939
1352 10469
1353 10492
1354 12092
1355 12117
1356 13429
1357 14072
1358 14368
1359 15057
1360 15474
1361 16404
1362 17788
1363 18119
1364 18324
1365 18596
1366 19314
1367 20142
1368 22202
1369 23992
1370 24133
1371 194508
1372 24841
1373 24848
1374 26105
1375 26574
1376 26868
1377 27863
1378 28075
1379 31045
1380 32002
1381 32181
1382 32327
1383 159389
1384 33221
1385 33379
1386 33584
1387 34562
1388 35348
1389 37313
1390 37773
1391 38086
1392 38819
1393 38870
1394 39558
1395 39680
1396 41126
1397 41398
1398 42311
1399 43923
1400 44521
1401 44971
1402 45179
1403 45469
1404 45696
1405 46196
1406 49132
1407 50853
1408 52189
1409 52254
1410 53431
1411 54343
1412 54577
1413 54617
1414 55304
1415 55597
1416 56933
1417 56971
1418 57234
1419 57767
1420 214087
1421 52017
1422 58722
1423 58926
1424 59448
1425 59925
1426 60024
1427 60552
1428 60905
1429 61300
1430 61535
1431 61777
1432 64773
1433 65007
1434 65093
1435 65559
1436 66637
1437 255967
1438 67306
1439 68206
1440 70818
1441 71510
1442 73346
1443 76208
1444 76443
1445 77028
1446 77384
1447 77832
1448 78763
1449 79230
1450 82892
1451 83222
1452 152654
1453 83294
1454 85251
1455 85872
1456 25344
1457 87794
1458 34048
1459 89374
1460 89439
1461 90035
1462 90743
1463 91594
1464 91826
1465 91871
1466 191663
1467 92784
1468 94518
1469 95568
1470 95582
1471 96597
1472 114636
1473 97599
1474 98669
1475 99638
1476 100169
1477 100301
1478 101237
1479 101851
1480 171086
1481 102982
1482 103378
1483 103756
1484 104250
1485 147930
1486 104984
1487 108227
1488 108377
1489 108810
1490 109430
1491 208989
1492 110223
1493 110400
1494 110555
1495 111069
1496 111428
1497 111570
1498 112556
1499 112792
1500 113139
1501 113194
1502 113674
1503 114569
1504 206890
1505 115426
1506 116023
1507 117662
1508 118259
1509 119778
1510 122127
1511 123523
1512 124703
1513 125001
1514 125177
1515 126513
1516 126980
1517 124747
1518 173568
1519 127855
1520 127867
1521 128402
1522 136192
1523 129112
1524 130144
1525 130237
1526 131620
1527 132870
1528 132927
1529 135852
1530 137717
1531 139839
1532 140199
1533 58033
1534 140677
1535 141856
1536 97433
1537 236704
1538 189969
1539 146199
1540 74135
1541 146890
1542 148424
1543 48304
1544 34151
1545 149397
1546 149638
1547 149861
1548 149933
1549 150573
1550 152733
1551 64605
1552 153287
1553 155021
1554 155633
1555 156995
1556 157956
1557 158284
1558 78534
1559 159041
1560 161079
1561 161528
1562 162734
1563 162907
1564 163488
1565 163966
1566 126893
1567 164091
1568 165798
1569 167103
1570 167693
1571 167709
1572 226450
1573 167719
1574 168089
1575 168863
1576 169743
1577 172543
1578 173411
1579 174064
1580 176325
1581 177750
1582 178875
1583 179247
1584 180046
1585 181276
1586 181880
1587 182666
1588 182909
1589 183576
1590 183987
1591 190778
1592 191764
1593 35307
1594 192400
1595 192605
1596 194317
1597 194373
1598 196066
1599 197591
1600 198134
1601 198656
1602 199628
1603 200546
1604 200756
1605 200898
1606 202777
1607 205072
1608 205749
1609 206180
1610 207006
1611 208456
1612 50906
1613 208702
1614 210015
1615 210322
1616 210527
1617 210549
1618 210589
1619 211980
1620 211988
1621 212413
1622 136046
1623 213170
1624 214028
1625 215431
1626 215627
1627 216038
1628 216101
1629 217049
1630 219080
1631 219428
1632 220365
1633 225724
1634 220498
1635 223709
1636 223999
1637 224287
1638 224522
1639 227143
1640 228206
1641 228519
1642 230881
1643 231562
1644 231755
1645 231781
1646 232265
1647 233175
1648 233217
1649 234114
1650 234872
1651 235246
1652 236048
1653 238809
1654 86313
1655 238841
1656 239152
1657 239203
1658 239511
1659 239966
1660 241065
1661 241121
1662 8506
1663 241262
1664 241497
1665 242218
1666 11332
1667 242827
1668 242839
1669 243678
1670 244576
1671 245024
1672 245242
1673 247306
1674 247783
1675 247843
1676 248659
1677 249187
1678 249565
1679 251167
1680 255185
1681 255289
1682 256568
1683 116950
1684 257771
1685 258204
1686 258448
1687 258839
1688 6730
1689 7103
1690 7935
1691 9371
1692 12011
1693 14256
1694 17769
1695 18888
1696 26558
1697 30594
1698 39965
1699 43314
1700 45690
1701 53100
1702 203198
1703 55362
1704 68624
1705 81218
1706 88113
1707 99746
1708 103239
1709 103427
1710 3862
1711 105189
1712 106225
1713 111672
1714 112246
1715 76923
1716 116643
1717 118914
1718 121754
1719 129256
1720 133471
1721 133666
1722 133962
1723 136640
1724 145514
1725 151264
1726 157007
1727 157183
1728 165406
1729 236277
1730 166591
1731 170739
1732 122226
1733 172379
1734 175897
1735 73715
1736 178550
1737 178570
1738 181915
1739 183722
1740 105790
1741 210754
1742 185613
1743 186548
1744 189241
1745 194155
1746 196110
1747 197755
1748 199124
1749 200562
1750 200848
1751 202797
1752 205010
1753 207638
1754 212954
1755 213207
1756 214094
1757 219969
1758 96933
1759 219979
1760 221910
1761 79641
1762 225576
1763 225757
1764 225990
1765 231821
1766 239010
1767 243389
1768 244189
1769 247440
1770 248845
1771 250491
1772 250921
1773 252608
1774 255779
1775 480
1776 3394
1777 4352
1778 4750
1779 5363
1780 6986
1781 7087
1782 7140
1783 8003
1784 9048
1785 9109
1786 10182
1787 10417
1788 10798
1789 10813
1790 11631
1791 11987
1792 12675
1793 12891
1794 145739
1795 14172
1796 14383
1797 14727
1798 18614
1799 18648
1800 18922
1801 19202
1802 20312
1803 23168
1804 186409
1805 23633
1806 24062
1807 24518
1808 25770
1809 25985
1810 26185
1811 27093
1812 27352
1813 27462
1814 29134
1815 29380
1816 29382
1817 30576
1818 256262
1819 30721
1820 31544
1821 32419
1822 32735
1823 32799
1824 32980
1825 33079
1826 33629
1827 33888
1828 34162
1829 34752
1830 36504
1831 36854
1832 52374
1833 37942
1834 39670
1835 39996
1836 170713
1837 41718
1838 41956
1839 35704
1840 43502
1841 2658
1842 46407
1843 46448
1844 46813
1845 49138
1846 49286
1847 49452
1848 200449
1849 141840
1850 51287
1851 52212
1852 52624
1853 162605
1854 52961
1855 54485
1856 54813
1857 54968
1858 55327
1859 55669
1860 55995
1861 56299
1862 56541
1863 56961
1864 57855
1865 59105
1866 59425
1867 59620
1868 60254
1869 61489
1870 137739
1871 63922
1872 64259
1873 66171
1874 66321
1875 66603
1876 67092
1877 68902
1878 71076
1879 72050
1880 169526
1881 72109
1882 73142
1883 73520
1884 75766
1885 76258
1886 156408
1887 79711
1888 80121
1889 81049
1890 224893
1891 81366
1892 124218
1893 95111
1894 100866
1895 147606
1896 178508
1897 206301
1898 82071
1899 83023
1900 83080
1901 83199
1902 84223
1903 84381
1904 84661
1905 88375
1906 88435
1907 88957
1908 89338
1909 89747
1910 91155
1911 91346
1912 92336
1913 93160
1914 93163
1915 94191
1916 94222
1917 94538
1918 94611
1919 96079
1920 101950
1921 102294
1922 104115
1923 104235
1924 104715
1925 106002
1926 106635
1927 109007
1928 111293
1929 111683
1930 87033
1931 112987
1932 113417
1933 114735
1934 114954
1935 115482
1936 115704
1937 116467
1938 117175
1939 117993
1940 118631
1941 216627
1942 120039
1943 120767
1944 122207
1945 122608
1946 123159
1947 123553
1948 123607
1949 124807
1950 125662
1951 126126
1952 126512
1953 126756
1954 128255
1955 128262
1956 131289
1957 194503
1958 712
1959 97021
1960 134106
1961 131394
1962 132080
1963 104409
1964 148788
1965 133633
1966 133872
1967 135864
1968 136293
1969 138206
1970 139249
1971 139538
1972 139545
1973 140181
1974 140390
1975 140938
1976 182633
1977 247400
1978 141182
1979 141693
1980 212970
1981 141726
1982 142418
1983 32568
1984 142493
1985 143984
1986 144021
1987 144036
1988 145228
1989 145363
1990 145505
1991 145894
1992 145910
1993 146228
1994 146422
1995 147333
1996 148543
1997 149419
1998 149432
1999 149897
2000 11551
2001 152085
2002 152119
2003 152640
2004 153658
2005 154158
2006 154652
2007 155129
2008 155215
2009 156164
2010 156186
2011 158232
2012 159012
2013 161586
2014 161736
2015 161846
2016 129118
2017 162671
2018 163117
2019 163594
2020 163820
2021 164658
2022 166860
2023 167567
2024 168413
2025 169362
2026 27689
2027 145615
2028 169672
2029 171069
2030 172378
2031 172549
2032 172703
2033 174295
2034 175422
2035 176550
2036 177789
2037 6871
2038 178150
2039 180584
2040 180823
2041 180919
2042 181802
2043 182670
2044 183331
2045 183529
2046 184461
2047 185279
2048 186610
2049 187202
2050 188432
2051 189400
2052 43671
2053 189436
2054 194858
2055 195235
2056 196958
2057 197008
2058 197690
2059 91499
2060 202287
2061 204341
2062 204866
2063 205720
2064 207460
2065 209468
2066 209590
2067 210169
2068 211032
2069 212349
2070 214013
2071 118576
2072 53621
2073 215938
2074 216703
2075 217057
2076 217138
2077 219194
2078 219989
2079 220291
2080 224164
2081 225005
2082 174104
2083 225420
2084 225579
2085 225728
2086 226224
2087 246849
2088 227489
2089 15357
2090 228940
2091 229362
2092 229669
2093 230002
2094 230024
2095 230933
2096 233682
2097 235027
2098 243037
2099 235842
2100 236699
2101 14535
2102 237071
2103 238012
2104 238236
2105 29713
2106 238954
2107 240379
2108 241379
2109 242131
2110 242549
2111 244362
2112 85214
2113 19742
2114 136120
2115 246195
2116 224089
2117 131743
2118 189504
2119 225865
2120 92144
2121 247583
2122 251165
2123 252920
2124 253389
2125 253838
2126 255982
2127 257113
2128 257977
2129 258767
2130 1054
2131 1223
2132 173473
2133 1378
2134 2318
2135 2944
2136 3070
2137 3959
2138 4311
2139 4963
2140 5220
2141 5463
2142 5859
2143 7111
2144 193090
2145 7209
2146 7291
2147 7991
2148 8115
2149 8898
2150 146554
2151 8908
2152 9128
2153 9339
2154 11814
2155 12955
2156 13193
2157 13536
2158 14391
2159 15162
2160 15253
2161 15366
2162 15679
2163 15779
2164 16763
2165 17538
2166 193249
2167 212404
2168 18560
2169 19107
2170 20571
2171 20862
2172 177475
2173 22348
2174 139939
2175 22516
2176 23039
2177 23360
2178 148007
2179 24362
2180 26436
2181 26473
2182 27290
2183 27573
2184 29196
2185 258533
2186 29385
2187 29616
2188 30694
2189 32233
2190 34864
2191 35575
2192 35587
2193 36400
2194 39251
2195 39491
2196 42323
2197 43467
2198 48746
2199 50802
2200 51058
2201 51669
2202 51686
2203 52061
2204 52242
2205 52807
2206 53720
2207 54181
2208 57222
2209 123422
2210 58587
2211 58851
2212 60824
2213 141645
2214 61566
2215 61743
2216 62315
2217 62787
2218 62806
2219 63909
2220 65545
2221 65583
2222 66225
2223 66350
2224 66833
2225 67060
2226 67532
2227 67550
2228 70671
2229 71331
2230 8722
2231 71845
2232 20407
2233 72413
2234 72703
2235 72886
2236 73906
2237 74788
2238 77279
2239 77484
2240 77897
2241 78008
2242 78385
2243 79069
2244 79593
2245 79790
2246 81938
2247 80137
2248 80213
2249 81750
2250 81846
2251 82328
2252 84222
2253 84930
2254 130404
2255 84963
2256 85329
2257 86479
2258 87216
2259 87938
2260 88926
2261 89400
2262 90710
2263 91966
2264 92296
2265 92474
2266 92813
2267 93120
2268 93399
2269 93466
2270 93742
2271 93914
2272 94665
2273 94809
2274 94938
2275 95925
2276 98291
2277 99075
2278 99429
2279 99562
2280 99823
2281 99855
2282 100041
2283 101343
2284 102621
2285 184008
2286 102632
2287 103069
2288 104535
2289 124622
2290 104629
2291 104884
2292 106003
2293 109614
2294 110923
2295 113469
2296 114199
2297 115194
2298 115337
2299 115352
2300 115515
2301 116550
2302 116822
2303 117008
2304 118457
2305 119284
2306 120854
2307 120894
2308 121771
2309 122783
2310 123154
2311 123775
2312 125801
2313 127799
2314 128395
2315 128890
2316 130153
2317 130381
2318 130396
2319 130793
2320 130988
2321 132864
2322 132928
2323 134598
2324 134986
2325 136259
2326 137010
2327 138446
2328 242320
2329 138624
2330 138776
2331 139188
2332 199542
2333 139482
2334 139603
2335 140569
2336 142094
2337 143513
2338 144360
2339 147888
2340 147909
2341 149178
2342 150675
2343 152675
2344 153260
2345 154243
2346 154734
2347 155644
2348 156446
2349 158314
2350 159218
2351 159573
2352 162148
2353 163027
2354 163473
2355 164481
2356 164790
2357 165124
2358 165852
2359 166335
2360 166782
2361 166925
2362 22391
2363 2553
2364 166995
2365 167039
2366 167115
2367 167397
2368 168094
2369 168458
2370 168593
2371 134178
2372 195897
2373 169186
2374 170803
2375 173268
2376 173409
2377 174108
2378 175918
2379 176032
2380 180012
2381 181077
2382 181087
2383 181552
2384 182911
2385 183270
2386 183305
2387 184339
2388 184709
2389 185994
2390 186818
2391 186831
2392 188755
2393 189432
2394 190073
2395 191003
2396 191074
2397 91793
2398 194272
2399 195191
2400 196107
2401 196313
2402 197655
2403 58067
2404 190097
2405 67264
2406 168499
2407 231885
2408 172895
2409 113055
2410 198061
2411 198494
2412 198818
2413 199918
2414 200228
2415 202048
2416 204057
2417 207809
2418 208987
2419 209297
2420 209626
2421 209897
2422 211472
2423 212282
2424 214944
2425 215161
2426 215222
2427 215694
2428 217110
2429 218428
2430 219549
2431 220373
2432 220564
2433 220923
2434 220941
2435 222552
2436 222557
2437 145002
2438 223409
2439 223907
2440 224090
2441 226052
2442 69609
2443 226729
2444 226956
2445 27264
2446 231309
2447 43287
2448 231359
2449 232110
2450 232813
2451 234828
2452 161813
2453 203547
2454 237076
2455 68531
2456 239268
2457 240256
2458 241336
2459 241444
2460 241732
2461 242745
2462 245004
2463 245997
2464 246162
2465 246826
2466 249245
2467 249606
2468 249944
2469 250073
2470 250311
2471 250319
2472 250468
2473 251144
2474 251478
2475 252178
2476 252536
2477 253822
2478 254173
2479 254716
2480 254804
2481 257043
2482 258153
2483 191
2484 975
2485 988
2486 1071
2487 1174
2488 1557
2489 1715
2490 2682
2491 14869
2492 2819
2493 2998
2494 3474
2495 3916
2496 3971
2497 5339
2498 5566
2499 5957
2500 122396
2501 6099
2502 6295
2503 6724
2504 6854
2505 6994
2506 7097
2507 7316
2508 7745
2509 7839
2510 7871
2511 9243
2512 9274
2513 50437
2514 9775
2515 10107
2516 155602
2517 10293
2518 75629
2519 10546
2520 10893
2521 11335
2522 11674
2523 11758
2524 11834
2525 12300
2526 216453
2527 12487
2528 12539
2529 12728
2530 12976
2531 13618
2532 13894
2533 14126
2534 114515
2535 14417
2536 15083
2537 15098
2538 16093
2539 18123
2540 18753
2541 163137
2542 19437
2543 19669
2544 19838
2545 89154
2546 121878
2547 174974
2548 19839
2549 20033
2550 252910
2551 20691
2552 21093
2553 21575
2554 21746
2555 21848
2556 22018
2557 22057
2558 22066
2559 22482
2560 23318
2561 23464
2562 23499
2563 23510
2564 23566
2565 23650
2566 24029
2567 24614
2568 24983
2569 25039
2570 25263
2571 25421
2572 25895
2573 25997
2574 26472
2575 26714
2576 26911
2577 27283
2578 27516
2579 27759
2580 27789
2581 27866
2582 28290
2583 28755
2584 28897
2585 29404
2586 29778
2587 25376
2588 30023
2589 30102
2590 31047
2591 31233
2592 31671
2593 31960
2594 32019
2595 32118
2596 32694
2597 32847
2598 34056
2599 37724
2600 34280
2601 35547
2602 36083
2603 36310
2604 36988
2605 37071
2606 23313
2607 158549
2608 22004
2609 37583
2610 184819
2611 37759
2612 38009
2613 38057
2614 38117
2615 38442
2616 39758
2617 38590
2618 39273
2619 39299
2620 39727
2621 39865
2622 40904
2623 40959
2624 41501
2625 42549
2626 43608
2627 206403
2628 45276
2629 46514
2630 46784
2631 46899
2632 47415
2633 48730
2634 48834
2635 48856
2636 49035
2637 49875
2638 50004
2639 50513
2640 103787
2641 185435
2642 17882
2643 50707
2644 152856
2645 51609
2646 52510
2647 53067
2648 96766
2649 137128
2650 53152
2651 53298
2652 54035
2653 54111
2654 54280
2655 44220
2656 54291
2657 54437
2658 54980
2659 55676
2660 14089
2661 56432
2662 57882
2663 58118
2664 58155
2665 58454
2666 58803
2667 59610
2668 184393
2669 135915
2670 59674
2671 60229
2672 60317
2673 60731
2674 60837
2675 61110
2676 62039
2677 62287
2678 63069
2679 63488
2680 63836
2681 64104
2682 64576
2683 64838
2684 65081
2685 65105
2686 66059
2687 66867
2688 21957
2689 66897
2690 66931
2691 166083
2692 67195
2693 67941
2694 49479
2695 105723
2696 68419
2697 162038
2698 68688
2699 127874
2700 69333
2701 69865
2702 70101
2703 70127
2704 70350
2705 70364
2706 71665
2707 33386
2708 182172
2709 129918
2710 71998
2711 72036
2712 72058
2713 72907
2714 73799
2715 74903
2716 75070
2717 75128
2718 75252
2719 75661
2720 75805
2721 75943
2722 77866
2723 77964
2724 78394
2725 89410
2726 78446
2727 141580
2728 78520
2729 78809
2730 79333
2731 79701
2732 79840
2733 79995
2734 80446
2735 159709
2736 80955
2737 81170
2738 82251
2739 82323
2740 83572
2741 221704
2742 83858
2743 84040
2744 84116
2745 84728
2746 85446
2747 146606
2748 85863
2749 87219
2750 87579
2751 87871
2752 88259
2753 88611
2754 185070
2755 69576
2756 89637
2757 89646
2758 89899
2759 89905
2760 90056
2761 90627
2762 91368
2763 92055
2764 92485
2765 92590
2766 93665
2767 79794
2768 94081
2769 94275
2770 94410
2771 94901
2772 94951
2773 95183
2774 95267
2775 95869
2776 96561
2777 96917
2778 692
2779 11735
2780 98324
2781 98955
2782 98958
2783 99694
2784 99787
2785 100619
2786 100814
2787 101574
2788 102240
2789 102884
2790 103152
2791 103279
2792 103773
2793 105034
2794 105099
2795 105404
2796 105452
2797 106092
2798 106333
2799 107188
2800 107323
2801 108193
2802 108530
2803 109022
2804 110402
2805 110536
2806 111067
2807 111520
2808 111755
2809 112120
2810 121871
2811 182433
2812 112177
2813 112396
2814 112969
2815 113017
2816 113809
2817 113941
2818 114410
2819 114700
2820 115007
2821 115776
2822 116124
2823 143995
2824 116583
2825 116909
2826 117109
2827 117305
2828 117335
2829 118093
2830 118096
2831 118201
2832 120553
2833 120905
2834 120981
2835 121278
2836 121388
2837 121566
2838 122019
2839 122350
2840 122385
2841 122471
2842 122753
2843 122766
2844 122918
2845 123639
2846 123716
2847 124101
2848 124264
2849 124370
2850 192227
2851 239278
2852 36575
2853 92683
2854 76794
2855 124931
2856 124938
2857 125025
2858 125136
2859 125328
2860 125931
2861 126013
2862 126015
2863 126039
2864 126490
2865 126708
2866 126750
2867 126775
2868 174470
2869 127158
2870 128242
2871 128474
2872 128632
2873 128735
2874 129012
2875 129153
2876 73248
2877 256559
2878 129720
2879 10842
2880 168766
2881 216568
2882 130146
2883 130202
2884 131141
2885 131175
2886 131776
2887 131812
2888 132244
2889 133329
2890 134310
2891 134609
2892 134910
2893 135049
2894 87698
2895 120548
2896 135878
2897 136085
2898 136138
2899 136728
2900 136731
2901 136747
2902 136873
2903 137638
2904 137798
2905 138347
2906 139640
2907 140406
2908 140664
2909 140790
2910 140806
2911 140848
2912 141301
2913 141605
2914 142143
2915 143050
2916 106648
2917 143124
2918 143292
2919 143438
2920 144355
2921 144524
2922 144903
2923 145104
2924 145114
2925 40598
2926 146298
2927 19789
2928 142741
2929 146382
2930 146473
2931 146645
2932 146830
2933 146835
2934 146940
2935 147142
2936 147175
2937 147326
2938 147605
2939 147718
2940 147879
2941 148175
2942 148378
2943 148414
2944 149087
2945 149793
2946 150061
2947 150217
2948 150579
2949 150658
2950 88723
2951 150700
2952 150906
2953 151408
2954 151881
2955 152107
2956 152256
2957 152725
2958 153005
2959 153105
2960 153359
2961 153436
2962 153659
2963 153661
2964 1356
2965 153960
2966 154353
2967 155280
2968 155592
2969 240524
2970 156077
2971 156562
2972 157773
2973 157786
2974 157797
2975 158254
2976 158493
2977 158531
2978 159510
2979 159992
2980 160002
2981 160571
2982 160738
2983 160838
2984 161081
2985 161462
2986 162273
2987 162730
2988 163129
2989 163777
2990 163871
2991 164062
2992 164534
2993 164943
2994 165517
2995 166115
2996 166529
2997 166983
2998 167409
2999 167807
3000 168167
3001 118343
3002 168173
3003 168360
3004 168362
3005 129077
3006 157651
3007 42206
3008 139664
3009 123348
3010 252130
3011 24750
3012 200170
3013 168453
3014 168990
3015 169033
3016 72297
3017 195019
3018 169161
3019 169579
3020 170222
3021 170466
3022 86198
3023 170982
3024 171215
3025 171219
3026 171312
3027 171621
3028 172597
3029 172740
3030 173170
3031 173234
3032 173332
3033 173780
3034 173783
3035 174540
3036 174777
3037 174958
3038 175459
3039 175608
3040 176554
3041 176856
3042 174511
3043 176973
3044 177034
3045 177389
3046 177698
3047 177756
3048 177803
3049 217047
3050 177910
3051 178644
3052 178947
3053 179462
3054 179742
3055 179828
3056 180285
3057 180457
3058 180580
3059 180663
3060 180952
3061 181118
3062 181542
3063 181676
3064 181973
3065 182200
3066 182595
3067 182697
3068 182728
3069 183078
3070 183178
3071 183329
3072 183378
3073 183622
3074 184652
3075 185053
3076 117884
3077 185538
3078 8146
3079 227396
3080 185553
3081 185621
3082 186007
3083 187100
3084 187852
3085 166990
3086 188117
3087 188329
3088 188403
3089 188618
3090 188987
3091 169168
3092 189394
3093 191008
3094 191158
3095 6444
3096 153331
3097 161741
3098 191496
3099 192515
3100 192674
3101 48446
3102 192935
3103 193363
3104 193444
3105 193734
3106 193777
3107 194203
3108 194341
3109 194383
3110 194488
3111 195217
3112 195252
3113 195270
3114 195309
3115 195864
3116 195915
3117 196165
3118 197182
3119 184802
3120 198259
3121 198935
3122 199018
3123 148283
3124 199148
3125 199943
3126 200405
3127 189282
3128 221444
3129 200582
3130 209993
3131 201006
3132 201448
3133 201517
3134 202395
3135 202904
3136 203292
3137 203451
3138 203458
3139 203914
3140 204069
3141 48963
3142 204298
3143 204841
3144 159107
3145 205105
3146 205954
3147 206056
3148 206092
3149 17343
3150 206481
3151 158491
3152 206484
3153 206529
3154 206824
3155 207141
3156 207408
3157 104679
3158 207674
3159 207864
3160 207954
3161 208123
3162 208352
3163 208639
3164 208955
3165 209341
3166 209456
3167 209459
3168 209563
3169 54730
3170 209676
3171 210153
3172 210461
3173 210476
3174 211064
3175 211680
3176 211713
3177 211794
3178 212531
3179 149735
3180 212543
3181 212858
3182 212901
3183 123426
3184 214054
3185 214262
3186 214912
3187 215484
3188 215704
3189 215985
3190 216040
3191 216106
3192 216195
3193 216308
3194 216705
3195 217067
3196 32561
3197 217181
3198 182283
3199 217387
3200 217780
3201 218115
3202 50093
3203 252239
3204 218345
3205 54064
3206 218554
3207 218625
3208 219476
3209 252465
3210 219680
3211 226427
3212 220760
3213 220807
3214 221271
3215 221311
3216 221721
3217 222072
3218 222328
3219 222458
3220 170329
3221 223202
3222 223414
3223 124466
3224 223629
3225 223683
3226 223799
3227 224816
3228 225958
3229 110075
3230 48016
3231 226342
3232 226423
3233 226947
3234 227407
3235 227997
3236 228665
3237 228669
3238 229398
3239 230442
3240 230514
3241 230590
3242 230723
3243 27128
3244 230760
3245 231439
3246 231567
3247 232122
3248 232889
3249 232998
3250 233015
3251 233511
3252 233607
3253 71576
3254 233757
3255 234813
3256 235191
3257 235947
3258 184418
3259 30156
3260 67028
3261 236149
3262 236958
3263 237621
3264 238784
3265 238793
3266 238970
3267 239060
3268 239087
3269 239138
3270 240155
3271 240336
3272 241108
3273 241392
3274 241842
3275 242180
3276 242239
3277 242969
3278 243787
3279 162802
3280 233240
3281 243918
3282 244543
3283 244682
3284 139611
3285 244819
3286 246468
3287 246692
3288 247252
3289 247700
3290 203931
3291 247945
3292 248358
3293 248669
3294 249312
3295 182898
3296 92923
3297 258009
3298 249344
3299 249455
3300 249917
3301 250293
3302 250393
3303 251229
3304 252742
3305 253031
3306 146759
3307 173237
3308 253163
3309 253236
3310 253246
3311 253481
3312 254504
3313 256047
3314 256245
3315 256869
3316 256888
3317 256925
3318 257816
3319 257869
3320 258067
3321 258795
3322 234
3323 435
3324 460
3325 628
3326 831
3327 895
3328 959
3329 982
3330 1615
3331 2147
3332 2617
3333 2623
3334 2777
3335 3046
3336 3253
3337 3796
3338 4274
3339 4397
3340 5074
3341 5353
3342 5377
3343 5385
3344 5727
3345 6440
3346 6579
3347 6616
3348 7154
3349 7467
3350 7530
3351 8190
3352 8480
3353 8511
3354 8754
3355 239248
3356 8926
3357 9147
3358 9877
3359 96699
3360 10414
3361 69773
3362 10610
3363 10669
3364 10695
3365 10734
3366 10978
3367 11036
3368 11147
3369 11359
3370 11532
3371 12375
3372 12393
3373 12685
3374 13180
3375 13480
3376 13747
3377 13801
3378 14424
3379 14647
3380 15453
3381 15784
3382 15972
3383 51971
3384 16285
3385 16398
3386 16445
3387 16534
3388 16567
3389 16718
3390 230409
3391 16727
3392 17054
3393 17703
3394 17766
3395 18129
3396 18349
3397 18898
3398 96496
3399 19101
3400 187638
3401 145841
3402 155222
3403 19151
3404 19398
3405 19452
3406 19649
3407 19696
3408 19826
3409 19912
3410 19931
3411 20242
3412 255527
3413 20498
3414 20746
3415 21449
3416 21863
3417 22604
3418 22771
3419 22840
3420 23314
3421 23636
3422 23832
3423 23912
3424 24019
3425 24356
3426 24602
3427 24671
3428 24740
3429 25488
3430 25676
3431 25760
3432 25876
3433 25946
3434 26860
3435 26871
3436 27069
3437 27180
3438 27375
3439 27393
3440 27650
3441 27873
3442 28035
3443 28078
3444 28148
3445 28209
3446 28422
3447 28504
3448 28524
3449 29452
3450 29590
3451 29795
3452 30137
3453 30171
3454 30195
3455 30384
3456 30398
3457 58963
3458 30659
3459 30684
3460 30910
3461 31095
3462 31422
3463 32051
3464 32517
3465 32538
3466 32543
3467 32846
3468 33481
3469 33852
3470 191142
3471 34038
3472 34043
3473 34349
3474 34956
3475 35187
3476 35337
3477 35448
3478 252545
3479 36172
3480 36264
3481 36505
3482 36570
3483 36585
3484 36610
3485 36688
3486 42299
3487 36689
3488 36700
3489 36972
3490 37038
3491 37849
3492 111930
3493 235632
3494 38103
3495 38254
3496 38287
3497 38400
3498 39034
3499 30190
3500 39330
3501 39683
3502 3744
3503 40091
3504 40639
3505 40847
3506 41660
3507 141221
3508 41780
3509 244433
3510 41855
3511 41951
3512 41971
3513 41980
3514 42251
3515 42567
3516 42579
3517 42765
3518 43043
3519 43067
3520 43131
3521 43632
3522 44030
3523 13352
3524 44037
3525 239977
3526 199042
3527 44532
3528 44605
3529 45100
3530 45484
3531 45643
3532 45675
3533 45866
3534 46770
3535 46809
3536 47206
3537 47287
3538 47355
3539 48055
3540 48419
3541 48477
3542 48717
3543 48791
3544 48828
3545 48876
3546 49264
3547 49968
3548 50209
3549 50726
3550 110228
3551 50904
3552 50946
3553 51572
3554 236767
3555 52317
3556 52796
3557 52850
3558 52949
3559 53063
3560 53175
3561 53187
3562 53558
3563 53831
3564 53955
3565 54474
3566 55045
3567 55255
3568 55452
3569 55484
3570 55495
3571 55855
3572 72842
3573 56190
3574 56254
3575 56488
3576 56522
3577 56903
3578 56912
3579 56963
3580 57503
3581 57557
3582 57561
3583 58077
3584 58576
3585 58626
3586 58891
3587 32021
3588 58893
3589 59041
3590 59500
3591 59528
3592 59714
3593 59892
3594 60095
3595 60164
3596 60465
3597 60914
3598 61089
3599 61527
3600 61738
3601 43635
3602 61870
3603 62205
3604 62305
3605 62370
3606 62585
3607 246279
3608 44414
3609 32075
3610 51477
3611 62593
3612 63534
3613 63560
3614 63726
3615 63896
3616 64555
3617 255848
3618 64558
3619 65025
3620 65269
3621 183711
3622 65998
3623 66013
3624 66142
3625 66203
3626 66693
3627 66939
3628 67706
3629 68113
3630 68214
3631 68369
3632 68609
3633 68765
3634 69085
3635 69215
3636 69347
3637 157067
3638 69622
3639 70334
3640 40026
3641 70368
3642 70479
3643 70571
3644 70636
3645 70765
3646 71147
3647 71208
3648 71256
3649 71615
3650 71859
3651 72185
3652 72355
3653 194347
3654 72763
3655 72802
3656 202629
3657 73051
3658 74563
3659 74633
3660 74710
3661 75011
3662 75242
3663 75299
3664 75361
3665 75500
3666 75897
3667 75906
3668 76368
3669 76457
3670 76512
3671 77099
3672 77441
3673 77638
3674 137139
3675 77700
3676 77902
3677 78055
3678 78299
3679 78311
3680 78429
3681 14129
3682 78877
3683 59512
3684 79433
3685 112768
3686 163909
3687 79573
3688 80311
3689 80425
3690 80481
3691 80489
3692 81694
3693 26991
3694 81874
3695 125670
3696 81875
3697 82305
3698 194800
3699 82621
3700 82622
3701 83032
3702 83383
3703 196434
3704 83473
3705 83718
3706 83905
3707 83918
3708 83991
3709 84352
3710 84725
3711 84902
3712 85622
3713 20780
3714 85682
3715 24332
3716 189302
3717 85686
3718 85712
3719 85716
3720 85907
3721 86159
3722 86547
3723 181667
3724 86712
3725 87255
3726 87425
3727 87521
3728 87531
3729 87729
3730 87767
3731 87869
3732 88035
3733 88211
3734 88350
3735 88634
3736 88799
3737 89115
3738 89280
3739 89549
3740 90256
3741 90982
3742 91090
3743 91116
3744 91208
3745 237851
3746 91439
3747 91583
3748 92075
3749 92392
3750 92437
3751 92506
3752 92560
3753 92570
3754 72409
3755 92701
3756 92736
3757 92962
3758 12574
3759 6835
3760 246902
3761 93592
3762 94001
3763 94297
3764 94373
3765 94483
3766 94570
3767 105341
3768 94599
3769 94667
3770 230618
3771 93481
3772 94944
3773 95441
3774 95515
3775 95935
3776 95943
3777 95968
3778 96006
3779 96451
3780 96490
3781 96509
3782 96677
3783 22869
3784 97175
3785 97628
3786 98215
3787 98287
3788 14887
3789 98973
3790 99387
3791 99642
3792 99663
3793 244733
3794 210582
3795 99749
3796 99757
3797 99881
3798 99945
3799 99947
3800 99985
3801 100006
3802 11013
3803 100538
3804 45642
3805 240553
3806 101028
3807 36886
3808 101317
3809 158763
3810 101498
3811 249380
3812 227344
3813 101590
3814 101655
3815 101795
3816 62728
3817 101886
3818 102303
3819 103049
3820 103059
3821 103231
3822 104601
3823 104723
3824 105160
3825 105176
3826 105291
3827 105358
3828 105504
3829 105893
3830 105957
3831 106072
3832 106221
3833 106238
3834 106407
3835 106790
3836 106809
3837 107043
3838 107193
3839 107409
3840 108212
3841 108352
3842 108474
3843 249192
3844 108655
3845 108667
3846 108964
3847 109085
3848 109414
3849 109450
3850 109558
3851 109670
3852 109701
3853 109738
3854 110122
3855 110205
3856 110523
3857 163091
3858 110636
3859 110654
3860 110724
3861 110725
3862 110852
3863 32178
3864 111106
3865 111151
3866 111290
3867 111876
3868 112701
3869 112749
3870 182620
3871 258581
3872 101928
3873 113311
3874 113484
3875 113610
3876 113720
3877 114024
3878 114039
3879 250848
3880 114432
3881 2680
3882 153493
3883 114689
3884 114690
3885 114984
3886 115072
3887 115441
3888 115917
3889 252705
3890 66841
3891 115940
3892 116180
3893 116518
3894 39951
3895 116807
3896 117060
3897 117188
3898 117364
3899 117991
3900 118119
3901 118174
3902 118331
3903 118339
3904 118552
3905 118786
3906 127419
3907 119235
3908 119876
3909 14496
3910 120190
3911 120492
3912 174164
3913 120901
3914 120921
3915 42437
3916 120985
3917 121468
3918 121500
3919 121551
3920 121568
3921 121668
3922 104692
3923 121739
3924 122165
3925 122222
3926 4453
3927 122489
3928 122704
3929 122894
3930 123520
3931 123704
3932 123740
3933 123851
3934 124075
3935 124239
3936 124364
3937 124525
3938 124529
3939 124607
3940 124700
3941 125034
3942 125319
3943 125417
3944 126105
3945 126428
3946 199984
3947 62411
3948 126643
3949 126995
3950 127101
3951 127128
3952 127170
3953 127414
3954 127698
3955 128082
3956 128155
3957 128260
3958 128351
3959 128540
3960 128703
3961 128713
3962 65330
3963 128761
3964 128952
3965 129011
3966 129157
3967 130534
3968 131072
3969 131892
3970 132265
3971 132317
3972 132461
3973 132798
3974 133262
3975 91333
3976 133361
3977 133439
3978 133504
3979 133531
3980 133563
3981 133637
3982 133746
3983 133867
3984 99213
3985 133878
3986 133934
3987 133977
3988 134046
3989 134280
3990 134634
3991 134695
3992 134718
3993 135417
3994 135626
3995 135706
3996 135069
3997 135851
3998 136426
3999 136822
4000 136875