1 88378
2 82881
3 70294
4 64009
5 49385
6 44817
7 24794
8 20816
9 16812
10 11308
11 76150
12 61982
13 16670
14 255899
15 237814
16 234693
17 224265
18 221560
19 200481
20 190523
21 178446
22 171207
23 163882
24 145983
25 139705
26 135691
27 135349
28 120737
29 116904
30 112324
31 109425
32 108246
33 79302
34 57338
35 8023
36 252208
37 243078
38 240234
39 237592
40 223743
41 222204
42 178372
43 150393
44 132963
45 36616
46 19742
47 191
48 60617
49 123743
50 33542
51 79573
52 117478
53 39316
54 120444
55 8393
56 101212
57 183329
58 111134
59 74046
60 122785
61 195017
62 127398
63 149020
64 151768
65 74042
66 219062
67 54615
68 218345
69 199169
70 250405
71 149439
72 111432
73 61940
74 149612
75 26063
76 153417
77 116909
78 241900
79 18456
80 59234
81 173172
82 103191
83 246047
84 168184
85 81994
86 14452
87 251334
88 161295
89 117990
90 113314
91 115814
92 210283
93 133841
94 45998
95 199947
96 24296
97 158700
98 237901
99 13034
100 193346
