1 146560
2 217887
3 1325
4 120881
5 86561
6 118339
7 240002
8 245629
9 82326
10 62213
11 17750
12 16254
13 155499
14 206770
15 96823
16 211774
17 27501
18 74106
19 6932
20 147696
21 95866
22 194075
23 184152
24 99594
25 229590
26 160215
27 249019
28 85714
29 109239
30 30028
31 71240
32 249336
33 3378
34 242428
35 103838
36 158849
37 195756
38 192237
39 188572
40 194976
41 227360
42 13594
43 36823
44 103196
45 125657
46 134865
47 148962
48 152977
49 3836
50 18925
51 42735
52 8133
53 213803
54 250388
55 54749
56 101642
57 119146
58 6215
59 140599
60 68171
61 168154
62 134971
63 246259
64 32899
65 238172
66 84588
67 101930
68 72938
69 254255
70 63082
71 214298
72 54913
73 154861
74 192647
75 8168
76 74537
77 18093
78 93625
79 96750
80 43915
81 11481
82 130411
83 179494
84 229129
85 22266
86 232368
87 200794
88 43971
89 67216
90 61636
91 152607
92 152070
93 229694
94 244222
95 169683
96 132744
97 76055
98 66978
99 54082
100 138045
101 77373
102 7983
103 225037
104 115714
105 109506
106 234775
107 216157
108 198283
109 74172
110 145662
111 223890
112 152939
113 88356
114 114738
115 121455
116 12321
117 192603
118 82759
119 87480
120 104425
121 186185
122 226107
123 34695
124 157099
125 11462
126 31925
127 83033
128 195181
129 25495
130 31843
131 146157
132 118406
133 45909
134 138447
135 201666
136 157067
137 104131
138 90672
139 191766
140 167281
141 84376
142 248080
143 146563
144 193129
145 137786
146 96645
147 23410
148 217044
149 38640
150 238701
151 50428
152 170640
153 212749
154 218591
155 91049
156 234318
157 183536
158 72724
159 205880
160 13580
161 94764
162 20701
163 176554
164 14609
165 117680
166 132431
167 70052
168 81432
169 187707
170 226303
171 255556
172 40405
173 26358
174 250221
175 229781
176 92804
177 137722
178 46461
179 22125
180 8921
181 235842
182 181890
183 204517
184 112422
185 89248
186 26349
187 46087
188 222908
189 140418
190 116831
191 183082
192 23854
193 34656
194 103737
195 184946
196 233259
197 65167
198 179165
199 114508
200 220796
201 90385
202 42110
203 42113
204 52137
205 9594
206 3366
207 89708
208 170635
209 81310
210 20369
211 107729
212 251903
213 210354
214 55111
215 151960
216 167506
217 125271
218 81779
219 239378
220 87001
221 201366
222 39030
223 35652
224 111009
225 78261
226 120504
227 181368
228 110932
229 112272
230 10959
231 171119
232 146904
233 144370
234 60783
235 83529
236 20274
237 124782
238 210243
239 126753
240 9023
241 65512
242 128138
243 182642
244 235812
245 86127
246 172424
247 231794
248 50916
249 163147
250 31741
251 231601
252 103638
253 124175
254 1670
255 202004
256 254380
257 40253
258 132145
259 105609
260 77369
261 58447
262 128225
263 209195
264 16318
265 109657
266 131174
267 255646
268 51358
269 146319
270 193917
271 9113
272 8749
273 221139
274 110915
275 245757
276 231305
277 165817
278 227679
279 43274
280 219564
281 150678
282 78251
283 86635
284 39635
285 204364
286 237233
287 73362
288 60907
289 133404
290 17245
291 81332
292 252677
293 119405
294 216427
295 95691
296 116510
297 43702
298 155309
299 214947
300 98341
301 176271
302 219561
303 91431
304 64987
305 55211
306 217259
307 185746
308 223179
309 95629
310 237859
311 180104
312 170617
313 113725
314 45802
315 66133
316 204216
317 221292
318 85088
319 18785
320 69139
321 153911
322 46970
323 6448
324 246210
325 98120
326 75274
327 138731
328 38811
329 168335
330 122119
331 127314
332 161830
333 103415
334 183302
335 1422
336 140572
337 24242
338 194493
339 25164
340 252293
341 120813
342 230968
343 59608
344 224029
345 78116
346 180242
347 118201
348 129974
349 99676
350 108599
351 78184
352 201494
353 222851
354 166374
355 165150
356 175189
357 232112
358 130986
359 31969
360 182141
361 211805
362 71558
363 68609
364 7094
365 133256
366 206192
367 52540
368 24860
369 51868
370 180471
371 220967
372 46926
373 219127
374 235313
375 42203
376 198064
377 46718
378 131226
379 163117
380 42002
381 73669
382 45122
383 201503
384 4954
385 152146
386 201788
387 155779
388 44106
389 90444
390 72507
391 100364
392 92076
393 87649
394 51317
395 229309
396 44724
397 257840
398 149428
399 142274
400 131318
401 28000
402 13730
403 39568
404 227837
405 27215
406 53359
407 74619
408 172403
409 53425
410 213304
411 143094
412 22553
413 98486
414 188368
415 134390
416 133052
417 196414
418 27116
419 57668
420 99259
421 55233
422 202501
423 228128
424 84372
425 193468
426 109953
427 117434
428 256256
429 169079
430 250004
431 40107
432 75603
433 214065
434 180018
435 256061
436 30936
437 126410
438 83965
439 140782
440 36862
441 179056
442 37585
443 76355
444 86228
445 143674
446 163901
447 60522
448 137710
449 35647
450 149606
451 88857
452 185088
453 227509
454 128948
455 233061
456 246626
457 143956
458 19936
459 115184
460 61939
461 109265
462 231531
463 115578
464 116135
465 109030
466 61618
467 49851
468 160254
469 9802
470 114641
471 247211
472 66635
473 181306
474 199764
475 40586
476 186021
477 91417
478 49591
479 122331
480 82005
481 114885
482 111682
483 248445
484 36168
485 213358
486 46752
487 169546
488 147955
489 65158
490 47638
491 109842
492 231108
493 253914
494 101526
495 178960
496 142349
497 132194
498 143883
499 177541
500 231609
501 216461
502 49652
503 9657
504 230560
505 75044
506 67110
507 248967
508 253520
509 107468
510 227054
511 46575
512 212369
513 162970
514 174760
515 189632
516 106036
517 94931
518 49359
519 70023
520 94868
521 3966
522 24828
523 157998
524 94265
525 41330
526 193376
527 126709
528 122066
529 201748
530 249139
531 242189
532 189210
533 188601
534 95086
535 155401
536 256519
537 118248
538 10318
539 201996
540 168650
541 104568
542 236372
543 241596
544 150061
545 184730
546 227577
547 22767
548 139071
549 43351
550 42716
551 130734
552 6835
553 223575
554 53990
555 219892
556 15076
557 173266
558 38899
559 165198
560 109339
561 169129
562 133185
563 216458
564 189523
565 212610
566 38869
567 109329
568 48483
569 27813
570 186665
571 32769
572 63261
573 223791
574 223379
575 152713
576 98858
577 69536
578 199972
579 167549
580 173455
581 227387
582 139026
583 49239
584 214606
585 193034
586 35856
587 199805
588 133533
589 102903
590 250737
591 234449
592 33072
593 154236
594 84281
595 188919
596 209348
597 249533
598 110356
599 155894
600 56085
601 221253
602 177093
603 92404
604 12843
605 30824
606 58303
607 116473
608 62124
609 203962
610 161423
611 122035
612 188008
613 69330
614 176806
615 126458
616 168328
617 110255
618 199774
619 20661
620 30407
621 171768
622 46823
623 63079
624 224836
625 48334
626 131143
627 192634
628 189580
629 110642
630 219747
631 27608
632 219259
633 196131
634 200752
635 95858
636 99504
637 111936
638 41800
639 11465
640 168570
641 203372
642 233380
643 64615
644 177318
645 4835
646 34898
647 251005
648 229654
649 145144
650 252256
651 253399
652 126214
653 84029
654 252873
655 21720
656 241990
657 220272
658 76882
659 55985
660 96033
661 203389
662 68021
663 122113
664 46400
665 221030
666 19934
667 190638
668 187442
669 33683
670 192099
671 88553
672 152471
673 171678
674 137532
675 178707
676 230285
677 49878
678 71344
679 46704
680 239861
681 220438
682 40807
683 248602
684 158179
685 27328
686 193605
687 248078
688 215691
689 17401
690 99307
691 156200
692 246424
693 105857
694 60262
695 79672
696 11471
697 96016
698 137769
699 235286
700 221224
701 30686
702 103339
703 177718
704 221874
705 201886
706 50242
707 132673
708 2832
709 195137
710 192161
711 130468
712 62774
713 22662
714 228243
715 78122
716 22688
717 258377
718 156051
719 240224
720 50490
721 23516
722 93788
723 59951
724 248176
725 123329
726 120427
727 98635
728 230832
729 180878
730 133292
731 253684
732 5818
733 156146
734 52049
735 44923
736 71032
737 221564
738 136929
739 256407
740 177212
741 224120
742 68941
743 71969
744 158218
745 107305
746 6890
747 10741
748 180636
749 171713
750 235888
751 225261
752 99153
753 240091
754 30279
755 228909
756 121597
757 73252
758 209629
759 1448
760 193652
761 92492
762 224648
763 78171
764 67999
765 188508
766 212678
767 116884
768 209874
769 218089
770 150466
771 181440
772 34535
773 27489
774 75691
775 246583
776 217983
777 188023
778 24323
779 251110
780 187808
781 49421
782 50710
783 200552
784 205530
785 228239
786 96860
787 51901
788 39390
789 88445
790 125360
791 31715
792 244370
793 182666
794 178207
795 180957
796 21326
797 119710
798 47189
799 236384
800 218154
801 137129
802 214171
803 56620
804 191751
805 149282
806 134073
807 220188
808 120662
809 168583
810 191162
811 12542
812 155809
813 137903
814 199741
815 52578
816 55487
817 44919
818 100414
819 235710
820 22813
821 210459
822 1456
823 96186
824 50039
825 199296
826 121555
827 78844
828 237977
829 216482
830 177486
831 214558
832 233446
833 42743
834 168709
835 12492
836 58601
837 214062
838 186857
839 207324
840 58163
841 86950
842 185648
843 120237
844 82040
845 54803
846 30049
847 43786
848 78540
849 212000
850 91059
851 197145
852 87970
853 213080
854 133008
855 73505
856 201675
857 214917
858 6666
859 107746
860 93429
861 167366
862 215798
863 180978
864 100742
865 161915
866 236491
867 245273
868 15890
869 70300
870 30018
871 113646
872 241312
873 170919
874 163984
875 41333
876 31345
877 183894
878 136131
879 199246
880 214042
881 205541
882 151485
883 205493
884 226119
885 254056
886 168943
887 255305
888 95205
889 7690
890 227131
891 230113
892 79239
893 216010
894 183570
895 252851
896 218814
897 221563
898 153596
899 57942
900 85137
901 226900
902 193095
903 82074
904 193307
905 229615
906 108202
907 35501
908 204544
909 138458
910 188421
911 124550
912 65473
913 198973
914 69156
915 172978
916 251881
917 182294
918 9071
919 45390
920 77820
921 47715
922 139238
923 210413
924 118356
925 56473
926 208482
927 42692
928 12479
929 49738
930 235785
931 30428
932 176828
933 39702
934 95682
935 101590
936 239089
937 177908
938 137629
939 193317
940 45002
941 230299
942 153392
943 191667
944 173569
945 135602
946 59607
947 111098
948 239974
949 251634
950 31721
951 10942
952 233887
953 123580
954 158096
955 71140
956 138149
957 138675
958 164105
959 255240
960 257526
961 85683
962 16024
963 43655
964 142506
965 251783
966 227450
967 180876
968 247839
969 156631
970 204761
971 171431
972 249285
973 102106
974 24728
975 99012
976 48359
977 63485
978 105906
979 30216
980 66070
981 237581
982 204735
983 84025
984 175365
985 132277
986 216581
987 168185
988 83945
989 141882
990 232414
991 127884
992 148462
993 125868
994 37735
995 140719
996 221913
997 212817
998 136574
999 135850
1000 257361
1001 55759
1002 73527
1003 131438
1004 33875
1005 155848
1006 243976
1007 45250
1008 179674
1009 160305
1010 127885
1011 24394
1012 130678
1013 60442
1014 34991
1015 243538
1016 204876
1017 25702
1018 60338
1019 112594
1020 165219
1021 139991
1022 144508
1023 243618
1024 196016
1025 202807
1026 100000
1027 211810
1028 134186
1029 125234
1030 183417
1031 10598
1032 242393
1033 72456
1034 42937
1035 21206
1036 233180
1037 143784
1038 71903
1039 241677
1040 231111
1041 75534
1042 40203
1043 33870
1044 137381
1045 46837
1046 214958
1047 80222
1048 78849
1049 146486
1050 200581
1051 215751
1052 58114
1053 29634
1054 81442
1055 30455
1056 257149
1057 10527
1058 105242
1059 121635
1060 96188
1061 107364
1062 250306
1063 11270
1064 213413
1065 127312
1066 230772
1067 229646
1068 63389
1069 242233
1070 146891
1071 225557
1072 208407
1073 117008
1074 196799
1075 226412
1076 87153
1077 87452
1078 7634
1079 251797
1080 250055
1081 233628
1082 164743
1083 126992
1084 202010
1085 186013
1086 117194
1087 1176
1088 6762
1089 123219
1090 246919
1091 31141
1092 118549
1093 222839
1094 19431
1095 207760
1096 221250
1097 79148
1098 25260
1099 94656
1100 236079
1101 45074
1102 179206
1103 41903
1104 54238
1105 237650
1106 11620
1107 150773
1108 121470
1109 50364
1110 214946
1111 223406
1112 144918
1113 25129
1114 108688
1115 122144
1116 34811
1117 7242
1118 220307
1119 82869
1120 40224
1121 162793
1122 42525
1123 47077
1124 48859
1125 55175
1126 39512
1127 107552
1128 181324
1129 158346
1130 131809
1131 59988
1132 250239
1133 167772
1134 13092
1135 114213
1136 35542
1137 78045
1138 3503
1139 88542
1140 64614
1141 33784
1142 204454
1143 181516
1144 231272
1145 166413
1146 102816
1147 114637
1148 7027
1149 206180
1150 38575
1151 217169
1152 157082
1153 34941
1154 66563
1155 170898
1156 156124
1157 169999
1158 169208
1159 173856
1160 213439
1161 224066
1162 171269
1163 179102
1164 117433
1165 51291
1166 182401
1167 11363
1168 186251
1169 147521
1170 228581
1171 64166
1172 74932
1173 217402
1174 158674
1175 241971
1176 7728
1177 15627
1178 207390
1179 189734
1180 30961
1181 237654
1182 52483
1183 233746
1184 257661
1185 118495
1186 196383
1187 156776
1188 68298
1189 86660
1190 58888
1191 198656
1192 246549
1193 140774
1194 504
1195 111128
1196 104132
1197 195589
1198 236419
1199 114936
1200 60432
1201 94947
1202 181959
1203 215020
1204 249607
1205 117841
1206 71542
1207 77511
1208 130493
1209 99004
1210 61107
1211 60392
1212 7050
1213 6830
1214 104631
1215 144294
1216 204274
1217 168855
1218 36152
1219 50570
1220 33486
1221 6640
1222 177663
1223 192811
1224 128611
1225 70846
1226 144402
1227 14831
1228 154351
1229 101804
1230 166925
1231 23212
1232 5620
1233 243782
1234 124916
1235 93456
1236 206013
1237 142725
1238 233895
1239 29974
1240 33021
1241 61958
1242 43093
1243 35258
1244 169462
1245 116287
1246 4406
1247 20364
1248 232776
1249 126997
1250 8670
1251 100839
1252 111844
1253 143253
1254 100454
1255 136409
1256 56679
1257 250168
1258 146268
1259 185108
1260 119633
1261 121105
1262 63200
1263 230344
1264 137289
1265 155127
1266 5211
1267 1406
1268 144377
1269 184085
1270 138652
1271 86091
1272 172068
1273 37022
1274 97401
1275 149670
1276 68529
1277 28129
1278 19713
1279 80453
1280 214151
1281 243611
1282 27524
1283 146079
1284 205760
1285 125283
1286 34525
1287 120712
1288 61858
1289 62351
1290 115115
1291 6611
1292 7326
1293 230936
1294 163992
1295 53784
1296 243426
1297 56599
1298 193297
1299 30340
1300 56003
1301 246050
1302 209844
1303 255605
1304 60535
1305 248888
1306 129308
1307 108567
1308 151567
1309 242656
1310 191553
1311 49423
1312 210776
1313 212523
1314 235526
1315 57801
1316 184691
1317 70684
1318 246768
1319 135014
1320 217978
1321 240809
1322 61508
1323 236915
1324 199503
1325 164765
1326 901
1327 656
1328 198677
1329 2675
1330 198756
1331 34655
1332 48324
1333 61523
1334 28661
1335 129483
1336 2802
1337 44221
1338 32000
1339 5882
1340 19266
1341 184953
1342 33972
1343 66030
1344 59538
1345 179016
1346 66258
1347 103496
1348 126921
1349 51919
1350 251990
1351 95784
1352 149569
1353 112853
1354 182866
1355 146734
1356 18509
1357 33132
1358 94984
1359 46233
1360 181672
1361 224792
1362 172702
1363 250183
1364 43502
1365 51911
1366 248172
1367 197923
1368 67488
1369 82817
1370 252723
1371 254558
1372 108669
1373 143983
1374 154361
1375 186496
1376 80703
1377 89843
1378 22330
1379 88576
1380 13044
1381 79769
1382 64905
1383 182600
1384 173331
1385 118997
1386 85426
1387 117681
1388 229807
1389 256314
1390 50834
1391 2683
1392 248728
1393 199736
1394 86259
1395 147829
1396 49381
1397 205728
1398 207468
1399 168843
1400 147918
1401 136922
1402 97944
1403 55059
1404 151918
1405 124855
1406 30325
1407 45357
1408 124380
1409 85818
1410 153754
1411 61228
1412 140133
1413 159690
1414 47127
1415 256821
1416 123111
1417 226428
1418 215903
1419 98253
1420 143744
1421 13880
1422 131832
1423 219400
1424 176437
1425 152381
1426 15815
1427 220319
1428 183214
1429 240407
1430 246897
1431 605
1432 66742
1433 206252
1434 178232
1435 93047
1436 189915
1437 151119
1438 105296
1439 84793
1440 16528
1441 242492
1442 232469
1443 96635
1444 222174
1445 203366
1446 48339
1447 192435
1448 115343
1449 65810
1450 119017
1451 161235
1452 130641
1453 151739
1454 101506
1455 228688
1456 174321
1457 93298
1458 209982
1459 251297
1460 96003
1461 228024
1462 137037
1463 141591
1464 7733
1465 83459
1466 58457
1467 122561
1468 49646
1469 38658
1470 137825
1471 14931
1472 27225
1473 104761
1474 92878
1475 222568
1476 125652
1477 67783
1478 148200
1479 44362
1480 50707
1481 75166
1482 142965
1483 19222
1484 54944
1485 163589
1486 23823
1487 74186
1488 9877
1489 73779
1490 38445
1491 252406
1492 185118
1493 144558
1494 113442
1495 84310
1496 224797
1497 202766
1498 105947
1499 75406
1500 209295
1501 87474
1502 74558
1503 186701
1504 94322
1505 202504
1506 142058
1507 156716
1508 192852
1509 256619
1510 27182
1511 37976
1512 111052
1513 125694
1514 93303
1515 73263
1516 99726
1517 73536
1518 140295
1519 41049
1520 23296
1521 13662
1522 8430
1523 165660
1524 14403
1525 135335
1526 226004
1527 181039
1528 160075
1529 174859
1530 130107
1531 247112
1532 76125
1533 199545
1534 98922
1535 158503
1536 18238
1537 217515
1538 191746
1539 169967
1540 15884
1541 185887
1542 141523
1543 55012
1544 144184
1545 67678
1546 148638
1547 2359
1548 157218
1549 67928
1550 41488
1551 76588
1552 206645
1553 130852
1554 246966
1555 211024
1556 61339
1557 24324
1558 199408
1559 257689
1560 237588
1561 181763
1562 179900
1563 68151
1564 84841
1565 110804
1566 20728
1567 137446
1568 258373
1569 258459
1570 34091
1571 40350
1572 144995
1573 19994
1574 250831
1575 5877
1576 258613
1577 79289
1578 5394
1579 154883
1580 177682
1581 120145
1582 952
1583 76263
1584 188920
1585 34971
1586 229799
1587 143349
1588 107232
1589 122799
1590 203696
1591 197368
1592 35777
1593 142800
1594 92879
1595 37637
1596 232220
1597 256501
1598 225180
1599 125005
1600 234448
1601 217909
1602 13614
1603 74501
1604 223815
1605 50976
1606 197163
1607 171542
1608 132361
1609 189555
1610 217485
1611 195100
1612 183225
1613 233776
1614 161211
1615 146526
1616 83272
1617 46221
1618 18357
1619 132777
1620 119799
1621 37134
1622 106768
1623 114005
1624 44610
1625 97367
1626 96377
1627 121876
1628 111998
1629 100679
1630 239305
1631 25932
1632 86145
1633 108358
1634 135415
1635 226248
1636 228057
1637 213222
1638 170757
1639 131749
1640 168435
1641 159254
1642 56291
1643 213209
1644 155559
1645 121307
1646 235023
1647 62093
1648 187272
1649 177556
1650 193139
1651 33098
1652 46403
1653 27153
1654 27464
1655 232650
1656 34008
1657 58106
1658 207854
1659 50586
1660 240849
1661 134341
1662 1446
1663 24093
1664 150946
1665 23578
1666 257544
1667 86005
1668 88207
1669 44231
1670 92859
1671 176876
1672 170130
1673 183692
1674 43490
1675 31602
1676 245567
1677 121939
1678 227495
1679 29056
1680 43004
1681 241445
1682 99028
1683 54081
1684 134707
1685 60143
1686 86330
1687 227773
1688 133477
1689 40454
1690 249332
1691 197213
1692 227804
1693 40982
1694 87969
1695 40822
1696 172333
1697 126210
1698 222163
1699 13480
1700 135827
1701 28536
1702 219538
1703 230379
1704 63664
1705 86734
1706 183243
1707 158712
1708 7471
1709 6976
1710 63986
1711 219940
1712 142160
1713 49897
1714 2551
1715 166846
1716 197907
1717 248666
1718 55887
1719 193932
1720 105397
1721 194288
1722 74720
1723 190209
1724 141361
1725 248694
1726 53018
1727 214878
1728 93601
1729 190919
1730 130331
1731 56438
1732 24315
1733 220408
1734 224519
1735 139438
1736 216223
1737 80646
1738 88935
1739 16319
1740 159086
1741 62484
1742 137212
1743 192522
1744 225409
1745 79311
1746 202574
1747 179574
1748 84840
1749 177553
1750 235167
1751 174026
1752 199351
1753 53085
1754 185207
1755 35143
1756 35051
1757 243981
1758 181295
1759 13457
1760 28640
1761 192978
1762 195643
1763 98820
1764 43863
1765 202288
1766 219969
1767 104035
1768 52901
1769 173275
1770 46550
1771 192490
1772 253636
1773 35599
1774 14176
1775 178461
1776 163520
1777 239156
1778 156109
1779 192232
1780 130410
1781 143358
1782 215199
1783 93541
1784 121761
1785 159110
1786 1575
1787 100869
1788 16605
1789 95674
1790 75493
1791 67337
1792 162632
1793 158857
1794 193101
1795 165121
1796 136602
1797 212870
1798 258351
1799 41429
1800 95421
1801 7016
1802 26189
1803 37708
1804 243111
1805 145562
1806 131473
1807 148236
1808 152889
1809 57954
1810 250396
1811 111044
1812 145673
1813 153050
1814 177340
1815 156350
1816 164868
1817 10413
1818 249191
1819 158143
1820 118679
1821 53606
1822 103431
1823 76347
1824 233342
1825 208491
1826 22738
1827 95266
1828 164472
1829 189461
1830 96034
1831 252758
1832 171770
1833 97904
1834 97851
1835 233525
1836 98361
1837 146066
1838 149149
1839 238298
1840 135813
1841 86739
1842 100770
1843 50731
1844 208229
1845 5054
1846 185622
1847 159958
1848 57012
1849 23161
1850 18382
1851 245194
1852 248276
1853 206826
1854 171058
1855 175281
1856 168026
1857 13022
1858 30780
1859 74878
1860 201793
1861 57064
1862 229351
1863 54928
1864 75852
1865 192859
1866 171180
1867 202510
1868 28527
1869 123755
1870 240641
1871 77998
1872 166061
1873 233823
1874 207184
1875 93002
1876 144188
1877 171294
1878 138616
1879 238766
1880 156145
1881 253419
1882 10729
1883 87137
1884 240314
1885 44947
1886 193354
1887 136426
1888 58231
1889 24956
1890 16652
1891 207147
1892 175720
1893 44445
1894 140364
1895 52001
1896 23341
1897 206785
1898 113783
1899 141199
1900 234087
1901 137065
1902 236430
1903 64014
1904 119775
1905 248058
1906 98656
1907 10226
1908 123652
1909 216149
1910 132498
1911 101572
1912 30052
1913 118718
1914 207962
1915 99419
1916 144393
1917 17710
1918 121967
1919 33842
1920 107988
1921 28500
1922 29107
1923 256654
1924 10596
1925 191021
1926 130627
1927 171463
1928 73968
1929 180110
1930 70387
1931 160463
1932 133662
1933 70308
1934 102355
1935 253392
1936 9726
1937 77472
1938 62937
1939 31775
1940 236329
1941 32250
1942 153078
1943 19767
1944 151725
1945 127964
1946 104040
1947 12364
1948 73119
1949 178222
1950 161509
1951 20410
1952 166360
1953 46270
1954 106879
1955 95988
1956 74230
1957 148778
1958 184870
1959 166036
1960 150646
1961 164994
1962 3329
1963 38510
1964 219115
1965 68532
1966 110340
1967 110639
1968 199348
1969 253250
1970 49203
1971 92175
1972 250403
1973 147962
1974 238360
1975 251713
1976 60516
1977 4988
1978 190673
1979 133372
1980 189450
1981 81995
1982 73758
1983 133199
1984 61829
1985 174589
1986 82933
1987 138358
1988 79543
1989 148985
1990 42226
1991 96067
1992 94641
1993 241075
1994 38017
1995 58665
1996 96634
1997 122188
1998 126212
1999 186009
2000 155938
2001 117250
2002 219544
2003 110129
2004 160766
2005 222884
2006 99211
2007 115426
2008 36684
2009 59096
2010 201545
2011 150476
2012 10101
2013 246459
2014 141257
2015 219766
2016 81046
2017 131752
2018 237876
2019 141709
2020 47730
2021 111797
2022 107350
2023 58459
2024 21098
2025 234560
2026 151168
2027 184380
2028 162758
2029 210133
2030 154026
2031 120337
2032 116203
2033 112414
2034 246764
2035 170527
2036 210383
2037 150973
2038 46872
2039 102204
2040 88517
2041 139115
2042 68939
2043 221245
2044 19728
2045 9998
2046 201261
2047 256160
2048 130054
2049 76557
2050 97760
2051 126786
2052 238488
2053 254049
2054 66406
2055 94681
2056 184673
2057 148217
2058 195133
2059 71505
2060 15651
2061 246312
2062 180767
2063 143739
2064 215078
2065 240001
2066 94638
2067 141124
2068 72220
2069 56745
2070 224329
2071 218866
2072 211264
2073 59468
2074 93041
2075 168858
2076 228534
2077 224476
2078 151601
2079 71812
2080 224320
2081 7677
2082 138933
2083 230851
2084 126487
2085 254890
2086 100627
2087 40346
2088 13508
2089 113188
2090 199946
2091 49279
2092 200919
2093 5425
2094 218327
2095 114909
2096 160120
2097 196494
2098 88864
2099 146078
2100 236780
2101 1101
2102 49751
2103 101996
2104 1331
2105 81882
2106 113663
2107 96734
2108 230680
2109 63863
2110 108971
2111 189077
2112 84922
2113 28870
2114 177469
2115 150697
2116 97403
2117 91714
2118 221930
2119 37572
2120 39871
2121 174050
2122 198040
2123 198991
2124 41778
2125 143005
2126 108778
2127 1742
2128 129409
2129 248464
2130 47230
2131 36867
2132 70076
2133 178533
2134 20976
2135 26985
2136 258936
2137 148362
2138 178321
2139 160585
2140 72790
2141 213257
2142 161737
2143 9838
2144 161062
2145 35239
2146 90828
2147 2918
2148 174350
2149 156326
2150 50712
2151 132365
2152 220370
2153 92096
2154 149806
2155 232658
2156 162317
2157 42888
2158 183533
2159 105028
2160 131290
2161 254642
2162 198723
2163 153514
2164 62214
2165 32688
2166 35058
2167 17970
2168 111300
2169 147208
2170 204659
2171 65100
2172 39553
2173 59638
2174 195569
2175 123498
2176 250651
2177 147223
2178 204097
2179 5428
2180 130017
2181 160894
2182 17440
2183 183515
2184 242039
2185 106851
2186 2140
2187 50721
2188 110200
2189 82057
2190 78051
2191 165325
2192 165882
2193 113693
2194 84031
2195 31792
2196 71121
2197 227370
2198 162944
2199 180159
2200 84555
2201 248386
2202 237317
2203 12721
2204 187079
2205 52312
2206 15106
2207 226244
2208 66774
2209 168926
2210 165801
2211 69186
2212 220740
2213 224538
2214 253877
2215 171368
2216 237459
2217 149558
2218 204192
2219 213845
2220 51349
2221 173319
2222 20359
2223 123125
2224 95656
2225 71784
2226 14063
2227 74155
2228 23289
2229 6372
2230 184246
2231 236116
2232 29477
2233 47795
2234 219646
2235 58604
2236 800
2237 123624
2238 89262
2239 109576
2240 207192
2241 166114
2242 95825
2243 104990
2244 33270
2245 47529
2246 217594
2247 189246
2248 171471
2249 190984
2250 255067
2251 155501
2252 48984
2253 13257
2254 77329
2255 57727
2256 3832
2257 38079
2258 149917
2259 215963
2260 167308
2261 188388
2262 233657
2263 140948
2264 5460
2265 134839
2266 176825
2267 46715
2268 46374
2269 240253
2270 3661
2271 117850
2272 140955
2273 143794
2274 180422
2275 64528
2276 204874
2277 135254
2278 210643
2279 29272
2280 85435
2281 164528
2282 140192
2283 181469
2284 129155
2285 108175
2286 87165
2287 198417
2288 256059
2289 34583
2290 5690
2291 251049
2292 149117
2293 141377
2294 198847
2295 15135
2296 258691
2297 225918
2298 132380
2299 127420
2300 21345
2301 204691
2302 83245
2303 160792
2304 72464
2305 44614
2306 153349
2307 64961
2308 130029
2309 193988
2310 39771
2311 151663
2312 208885
2313 207234
2314 183462
2315 149273
2316 169564
2317 93324
2318 46585
2319 27320
2320 190789
2321 227735
2322 181288
2323 251519
2324 40254
2325 119456
2326 63544
2327 8885
2328 142975
2329 121499
2330 200205
2331 161481
2332 149644
2333 167518
2334 112249
2335 34464
2336 22618
2337 191182
2338 225585
2339 198595
2340 109273
2341 60893
2342 82893
2343 71853
2344 149323
2345 124784
2346 205052
2347 252035
2348 201469
2349 114004
2350 98977
2351 63018
2352 14219
2353 211253
2354 211071
2355 90576
2356 5142
2357 220606
2358 251991
2359 156632
2360 7438
2361 230891
2362 109792
2363 72643
2364 27933
2365 241463
2366 58381
2367 196182
2368 51602
2369 42349
2370 103512
2371 94114
2372 71799
2373 226294
2374 226659
2375 87625
2376 253169
2377 150182
2378 54580
2379 20111
2380 53045
2381 184183
2382 71890
2383 82591
2384 232171
2385 2303
2386 69299
2387 190703
2388 20168
2389 72584
2390 6756
2391 17999
2392 181052
2393 58298
2394 241645
2395 246239
2396 217155
2397 253783
2398 112092
2399 112787
2400 58218
2401 169855
2402 248780
2403 258616
2404 247341
2405 233983
2406 97471
2407 88740
2408 250983
2409 36408
2410 165370
2411 102314
2412 88967
2413 167552
2414 173526
2415 62377
2416 16723
2417 117025
2418 170423
2419 161896
2420 183783
2421 122993
2422 63022
2423 222632
2424 198440
2425 224190
2426 13310
2427 185523
2428 77960
2429 252643
2430 247891
2431 144240
2432 125273
2433 109305
2434 182630
2435 248231
2436 144436
2437 253253
2438 234868
2439 23499
2440 209498
2441 18522
2442 133567
2443 123099
2444 56095
2445 246455
2446 243492
2447 106765
2448 76839
2449 163464
2450 29102
2451 217903
2452 72794
2453 43768
2454 245284
2455 70649
2456 187752
2457 111492
2458 21704
2459 65088
2460 123053
2461 81820
2462 4805
2463 118858
2464 225395
2465 234059
2466 119984
2467 28844
2468 244490
2469 96455
2470 253154
2471 229524
2472 4046
2473 155474
2474 131114
2475 69827
2476 102600
2477 24958
2478 34221
2479 93592
2480 227436
2481 154977
2482 41680
2483 153806
2484 205025
2485 251346
2486 15230
2487 61894
2488 207796
2489 209025
2490 85429
2491 50289
2492 34690
2493 23316
2494 162345
2495 72551
2496 122335
2497 49633
2498 118237
2499 24376
2500 18531
2501 59724
2502 70527
2503 11819
2504 246708
2505 254759
2506 205653
2507 23354
2508 213608
2509 74425
2510 228303
2511 124615
2512 202746
2513 194083
2514 70155
2515 221647
2516 112878
2517 240643
2518 82010
2519 97699
2520 149741
2521 186916
2522 107893
2523 122608
2524 91
2525 55082
2526 211946
2527 54901
2528 189667
2529 220047
2530 229566
2531 133547
2532 59396
2533 230880
2534 43386
2535 247554
2536 247003
2537 169988
2538 85616
2539 140888
2540 195994
2541 170603
2542 174346
2543 161857
2544 138508
2545 79071
2546 3969
2547 42145
2548 198684
2549 66339
2550 107841
2551 167609
2552 36108
2553 213640
2554 138968
2555 255209
2556 79076
2557 4741
2558 50265
2559 42687
2560 146929
2561 16218
2562 27124
2563 100268
2564 219251
2565 14456
2566 50542
2567 206018
2568 224909
2569 47309
2570 178049
2571 25974
2572 103103
2573 43355
2574 191338
2575 42027
2576 29090
2577 115869
2578 39292
2579 71104
2580 2965
2581 173713
2582 89126
2583 143837
2584 27364
2585 234363
2586 70981
2587 248284
2588 198832
2589 222444
2590 252069
2591 71885
2592 141014
2593 78704
2594 35578
2595 8935
2596 48007
2597 180859
2598 104459
2599 846
2600 196704
2601 43310
2602 233208
2603 39907
2604 66206
2605 222924
2606 187451
2607 122226
2608 78979
2609 111067
2610 227943
2611 210059
2612 139116
2613 55416
2614 128530
2615 234115
2616 149542
2617 122776
2618 199754
2619 146604
2620 107516
2621 133041
2622 155109
2623 115023
2624 106766
2625 26226
2626 254494
2627 179164
2628 115651
2629 119414
2630 124676
2631 163127
2632 193028
2633 119706
2634 193699
2635 230703
2636 239201
2637 193600
2638 94167
2639 103571
2640 57199
2641 115702
2642 863
2643 138559
2644 120817
2645 144574
2646 223798
2647 222389
2648 172655
2649 141390
2650 242861
2651 57334
2652 46170
2653 11091
2654 22614
2655 228727
2656 75106
2657 795
2658 119757
2659 28715
2660 96974
2661 153515
2662 115715
2663 191124
2664 20373
2665 143291
2666 60982
2667 64343
2668 175571
2669 250294
2670 24397
2671 78032
2672 181604
2673 51547
2674 245241
2675 228164
2676 157787
2677 242178
2678 131743
2679 51287
2680 146700
2681 236309
2682 215186
2683 24767
2684 148691
2685 37951
2686 194957
2687 187425
2688 151048
2689 247921
2690 66018
2691 80450
2692 3895
2693 113900
2694 238209
2695 215882
2696 161510
2697 2071
2698 124923
2699 205846
2700 126126
2701 232039
2702 155661
2703 38460
2704 167000
2705 136682
2706 51731
2707 81711
2708 18069
2709 213772
2710 186192
2711 47069
2712 44218
2713 246970
2714 178603
2715 103262
2716 53924
2717 190446
2718 129597
2719 187318
2720 238014
2721 214520
2722 197025
2723 208497
2724 17196
2725 2224
2726 78973
2727 163982
2728 37561
2729 60150
2730 45231
2731 227507
2732 70112
2733 164655
2734 205064
2735 33144
2736 171893
2737 57631
2738 250441
2739 111947
2740 250934
2741 19631
2742 55679
2743 63328
2744 186741
2745 34439
2746 77447
2747 1732
2748 136844
2749 96745
2750 51392
2751 140356
2752 88060
2753 72424
2754 204706
2755 137408
2756 160084
2757 257392
2758 128730
2759 135296
2760 253667
2761 243303
2762 23551
2763 143887
2764 223293
2765 149620
2766 180300
2767 82942
2768 239208
2769 194592
2770 53344
2771 226789
2772 28719
2773 250162
2774 187066
2775 196104
2776 128868
2777 67603
2778 143361
2779 92582
2780 12258
2781 240618
2782 148543
2783 141608
2784 56416
2785 122506
2786 152604
2787 47183
2788 164661
2789 68695
2790 39691
2791 60988
2792 131282
2793 218868
2794 7003
2795 102967
2796 52286
2797 131829
2798 116912
2799 117657
2800 3438
2801 197327
2802 232819
2803 110866
2804 30821
2805 258655
2806 143451
2807 154631
2808 168298
2809 95594
2810 148956
2811 225882
2812 170555
2813 73611
2814 92453
2815 144182
2816 65891
2817 34755
2818 115380
2819 217846
2820 187627
2821 186301
2822 218001
2823 118450
2824 111061
2825 98813
2826 6135
2827 178433
2828 27142
2829 233917
2830 92356
2831 124047
2832 52163
2833 80500
2834 28883
2835 256839
2836 174224
2837 249261
2838 182806
2839 204406
2840 203205
2841 229625
2842 220166
2843 232680
2844 250387
2845 1976
2846 80655
2847 46172
2848 173933
2849 14898
2850 87327
2851 98268
2852 153189
2853 159378
2854 251835
2855 5780
2856 78008
2857 92906
2858 233778
2859 40288
2860 167826
2861 137657
2862 200875
2863 43671
2864 94566
2865 99581
2866 229070
2867 2118
2868 3935
2869 40357
2870 204723
2871 176251
2872 188867
2873 242559
2874 9886
2875 61654
2876 32875
2877 53825
2878 226385
2879 125030
2880 236675
2881 48365
2882 27571
2883 8085
2884 7318
2885 100531
2886 254365
2887 95001
2888 92081
2889 108001
2890 43433
2891 252300
2892 166869
2893 105783
2894 2931
2895 162746
2896 173888
2897 103425
2898 139913
2899 111270
2900 85614
2901 114971
2902 100896
2903 162504
2904 214512
2905 131326
2906 78955
2907 206860
2908 148270
2909 130226
2910 36674
2911 138644
2912 42608
2913 105175
2914 199002
2915 127311
2916 106170
2917 62567
2918 241174
2919 219651
2920 234831
2921 218863
2922 148006
2923 234618
2924 205189
2925 118390
2926 69262
2927 67693
2928 189186
2929 218308
2930 68647
2931 253298
2932 169970
2933 110035
2934 6114
2935 190049
2936 89601
2937 186717
2938 258781
2939 43581
2940 83196
2941 32741
2942 220098
2943 79122
2944 47341
2945 85532
2946 49811
2947 142410
2948 136819
2949 164796
2950 14564
2951 203748
2952 19165
2953 71715
2954 146153
2955 176222
2956 45829
2957 18130
2958 243775
2959 114859
2960 45163
2961 3710
2962 65894
2963 39773
2964 25962
2965 231651
2966 17897
2967 235875
2968 46116
2969 48925
2970 113123
2971 209260
2972 223605
2973 87145
2974 78592
2975 232737
2976 146205
2977 235345
2978 159938
2979 205816
2980 223810
2981 13300
2982 51781
2983 228166
2984 140501
2985 121926
2986 117284
2987 27187
2988 74383
2989 75667
2990 102474
2991 124449
2992 213381
2993 154908
2994 48470
2995 84682
2996 211289
2997 161222
2998 129479
2999 34441
3000 229900
3001 81204
3002 53548
3003 249429
3004 135521
3005 105842
3006 144865
3007 597
3008 162414
3009 172222
3010 229213
3011 194581
3012 142505
3013 74925
3014 175413
3015 60423
3016 42006
3017 129218
3018 90054
3019 113252
3020 158357
3021 137567
3022 132170
3023 38399
3024 95398
3025 44585
3026 148070
3027 74297
3028 149087
3029 186975
3030 127686
3031 47021
3032 31292
3033 74626
3034 53976
3035 113785
3036 241643
3037 185522
3038 45396
3039 237203
3040 232428
3041 127571
3042 23231
3043 177274
3044 154791
3045 251298
3046 120116
3047 111043
3048 144019
3049 98709
3050 63525
3051 194732
3052 22284
3053 26381
3054 106406
3055 119212
3056 194921
3057 162227
3058 62414
3059 222230
3060 142452
3061 131827
3062 4337
3063 209154
3064 146847
3065 46239
3066 233678
3067 114575
3068 44159
3069 224200
3070 210494
3071 164979
3072 123618
3073 8350
3074 216749
3075 100882
3076 92133
3077 170552
3078 148293
3079 53435
3080 243817
3081 233020
3082 35971
3083 86755
3084 108059
3085 128421
3086 65174
3087 75537
3088 65128
3089 189334
3090 48455
3091 215679
3092 215087
3093 188708
3094 172669
3095 5508
3096 206506
3097 172069
3098 195670
3099 39127
3100 52486
3101 25523
3102 50379
3103 146670
3104 156874
3105 199083
3106 226140
3107 180629
3108 230137
3109 206887
3110 21994
3111 164320
3112 65813
3113 95803
3114 183975
3115 161493
3116 211140
3117 154174
3118 218037
3119 74152
3120 145312
3121 217991
3122 90152
3123 65063
3124 16046
3125 59853
3126 99662
3127 200225
3128 121393
3129 106638
3130 123483
3131 89168
3132 247861
3133 7394
3134 190612
3135 83110
3136 115273
3137 35770
3138 37190
3139 166032
3140 94480
3141 195031
3142 151784
3143 103149
3144 39745
3145 235021
3146 156366
3147 22979
3148 57649
3149 145145
3150 191615
3151 66388
3152 187044
3153 121947
3154 5756
3155 180516
3156 36950
3157 146613
3158 125374
3159 176831
3160 94958
3161 48976
3162 16615
3163 111567
3164 102692
3165 229697
3166 218885
3167 101257
3168 122688
3169 157416
3170 105186
3171 175430
3172 48355
3173 193302
3174 900
3175 37776
3176 59963
3177 8115
3178 10203
3179 116644
3180 179866
3181 160548
3182 111690
3183 245201
3184 1068
3185 251569
3186 126247
3187 142651
3188 178867
3189 238693
3190 56988
3191 246842
3192 85223
3193 88780
3194 161718
3195 94181
3196 202089
3197 159952
3198 41482
3199 201893
3200 61030
3201 6864
3202 257592
3203 257548
3204 9075
3205 181887
3206 2752
3207 252756
3208 184203
3209 178988
3210 252000
3211 22676
3212 99324
3213 124277
3214 85791
3215 64855
3216 25245
3217 139674
3218 198897
3219 28042
3220 191523
3221 256902
3222 136449
3223 73301
3224 194727
3225 5819
3226 76545
3227 244349
3228 168037
3229 119942
3230 237640
3231 186919
3232 241750
3233 19188
3234 166782
3235 203623
3236 240813
3237 245771
3238 71329
3239 187404
3240 44165
3241 196944
3242 200847
3243 53332
3244 250570
3245 215655
3246 26962
3247 187471
3248 29458
3249 197547
3250 123155
3251 184686
3252 164860
3253 65082
3254 174373
3255 67788
3256 142710
3257 254209
3258 246885
3259 235714
3260 113296
3261 73651
3262 193902
3263 121363
3264 75367
3265 64754
3266 225210
3267 24117
3268 174211
3269 47920
3270 238067
3271 152663
3272 118332
3273 194344
3274 69847
3275 171363
3276 45926
3277 99697
3278 140184
3279 134290
3280 13879
3281 18060
3282 241374
3283 21265
3284 163259
3285 129441
3286 91263
3287 79676
3288 141628
3289 254711
3290 198719
3291 24725
3292 209962
3293 162753
3294 196664
3295 184031
3296 159069
3297 11682
3298 69362
3299 226370
3300 248347
3301 127260
3302 181421
3303 19493
3304 105137
3305 144792
3306 16556
3307 246943
3308 256140
3309 219867
3310 132917
3311 83363
3312 206611
3313 129373
3314 3230
3315 187722
3316 96150
3317 1222
3318 119857
3319 229970
3320 136974
3321 22525
3322 93557
3323 227402
3324 249476
3325 111378
3326 147529
3327 166281
3328 109877
3329 64020
3330 22415
3331 204486
3332 196676
3333 133239
3334 223127
3335 16126
3336 166196
3337 143640
3338 111818
3339 190495
3340 91565
3341 254880
3342 124056
3343 87190
3344 204027
3345 211434
3346 196893
3347 99865
3348 24735
3349 247357
3350 239192
3351 46743
3352 153854
3353 255431
3354 227633
3355 128237
3356 251052
3357 12613
3358 83002
3359 4484
3360 8454
3361 156536
3362 123425
3363 232136
3364 218681
3365 169364
3366 157177
3367 198166
3368 72321
3369 200421
3370 102219
3371 173322
3372 205886
3373 85083
3374 249062
3375 157359
3376 247747
3377 140987
3378 239281
3379 125073
3380 92682
3381 99672
3382 99003
3383 126031
3384 48423
3385 199122
3386 103376
3387 77490
3388 238934
3389 124213
3390 248193
3391 109620
3392 193703
3393 214490
3394 211364
3395 230217
3396 181620
3397 245541
3398 248874
3399 65695
3400 166286
3401 252185
3402 103080
3403 189415
3404 103593
3405 205320
3406 256048
3407 258675
3408 231914
3409 104129
3410 207912
3411 63598
3412 221122
3413 165055
3414 73912
3415 155487
3416 53136
3417 124339
3418 71093
3419 119991
3420 43806
3421 159749
3422 211334
3423 168102
3424 7581
3425 257003
3426 68546
3427 185268
3428 69579
3429 199249
3430 207776
3431 120758
3432 239621
3433 137120
3434 30869
3435 206119
3436 238207
3437 43604
3438 110552
3439 79652
3440 136617
3441 254893
3442 23355
3443 140400
3444 194904
3445 70603
3446 236477
3447 84394
3448 143353
3449 98274
3450 5687
3451 246198
3452 78920
3453 4329
3454 36522
3455 242266
3456 135683
3457 33199
3458 91774
3459 245233
3460 134623
3461 114999
3462 50767
3463 204635
3464 176821
3465 1889
3466 186292
3467 165228
3468 143306
3469 72433
3470 238112
3471 74671
3472 162884
3473 39122
3474 75441
3475 185512
3476 157882
3477 124460
3478 99538
3479 125571
3480 106754
3481 145292
3482 105022
3483 83468
3484 178744
3485 184771
3486 35997
3487 196079
3488 216262
3489 37895
3490 44582
3491 43895
3492 79718
3493 19461
3494 56699
3495 60935
3496 240052
3497 172006
3498 164494
3499 228034
3500 149714
3501 103669
3502 191486
3503 250600
3504 210205
3505 75552
3506 21184
3507 215230
3508 156515
3509 194040
3510 156752
3511 192807
3512 160988
3513 129281
3514 42607
3515 1864
3516 103706
3517 42357
3518 17521
3519 81184
3520 70824
3521 237335
3522 256312
3523 194511
3524 125861
3525 189164
3526 32284
3527 212792
3528 233438
3529 208831
3530 144264
3531 170834
3532 26315
3533 220749
3534 234602
3535 139192
3536 256786
3537 232989
3538 247752
3539 28205
3540 182075
3541 180477
3542 209014
3543 124430
3544 14143
3545 100542
3546 244776
3547 153237
3548 83148
3549 256210
3550 219430
3551 113953
3552 224711
3553 57346
3554 144427
3555 143205
3556 39628
3557 235520
3558 242737
3559 112832
3560 148273
3561 53792
3562 81674
3563 46080
3564 216702
3565 94572
3566 44316
3567 157653
3568 184455
3569 46812
3570 33946
3571 116445
3572 157911
3573 142696
3574 168939
3575 8446
3576 167033
3577 127074
3578 70108
3579 166799
3580 23399
3581 32686
3582 150837
3583 258744
3584 146569
3585 61738
3586 117220
3587 213023
3588 91251
3589 101943
3590 74597
3591 74254
3592 190560
3593 165302
3594 249487
3595 236466
3596 119137
3597 43977
3598 178005
3599 78342
3600 194103
3601 129154
3602 70311
3603 205211
3604 56224
3605 58782
3606 197329
3607 71621
3608 229864
3609 84235
3610 232409
3611 258629
3612 245544
3613 43664
3614 123864
3615 88921
3616 39703
3617 224649
3618 232394
3619 131159
3620 227003
3621 35135
3622 47542
3623 16508
3624 48277
3625 236854
3626 202520
3627 104666
3628 222877
3629 158122
3630 42122
3631 97576
3632 192440
3633 106658
3634 53949
3635 143329
3636 256600
3637 30058
3638 256692
3639 247954
3640 61310
3641 215466
3642 97752
3643 138835
3644 120953
3645 49131
3646 88763
3647 145798
3648 136612
3649 121726
3650 158265
3651 221043
3652 157893
3653 8159
3654 93583
3655 214597
3656 56257
3657 123658
3658 129078
3659 253986
3660 12937
3661 65248
3662 149588
3663 84554
3664 252442
3665 200024
3666 57989
3667 232305
3668 153812
3669 27409
3670 48842
3671 190082
3672 107052
3673 237595
3674 129936
3675 237959
3676 24255
3677 54398
3678 91258
3679 38888
3680 150555
3681 134793
3682 60417
3683 124959
3684 111121
3685 229616
3686 185513
3687 256289
3688 136863
3689 37093
3690 169379
3691 131996
3692 111241
3693 90990
3694 53203
3695 30042
3696 101984
3697 167360
3698 11858
3699 165022
3700 108906
3701 28206
3702 137585
3703 157429
3704 229972
3705 6987
3706 240915
3707 15719
3708 37984
3709 53962
3710 61116
3711 109037
3712 199956
3713 74596
3714 110084
3715 84431
3716 245271
3717 235409
3718 25013
3719 47051
3720 78618
3721 97409
3722 244835
3723 38799
3724 157625
3725 41240
3726 90323
3727 87756
3728 124902
3729 247147
3730 236005
3731 23039
3732 110028
3733 60099
3734 6398
3735 187174
3736 27120
3737 96221
3738 95924
3739 10807
3740 60332
3741 31353
3742 17377
3743 248654
3744 168388
3745 218719
3746 127610
3747 224913
3748 162788
3749 214162
3750 65812
3751 62316
3752 157287
3753 191773
3754 84834
3755 118491
3756 20260
3757 27102
3758 148199
3759 53620
3760 9275
3761 178181
3762 54989
3763 198916
3764 18765
3765 131655
3766 163692
3767 85725
3768 128082
3769 175131
3770 190530
3771 40338
3772 15010
3773 131483
3774 110232
3775 112265
3776 172939
3777 153168
3778 62883
3779 205487
3780 217902
3781 81148
3782 120478
3783 252368
3784 3466
3785 68503
3786 220344
3787 112933
3788 253591
3789 100196
3790 177760
3791 105041
3792 64394
3793 196782
3794 50447
3795 46611
3796 78484
3797 98275
3798 35120
3799 18074
3800 241195
3801 4450
3802 34381
3803 52027
3804 86063
3805 140748
3806 189295
3807 149959
3808 69743
3809 35415
3810 108505
3811 242279
3812 203216
3813 5566
3814 147687
3815 157843
3816 64819
3817 228171
3818 50306
3819 98619
3820 85584
3821 156160
3822 161767
3823 86579
3824 732
3825 176909
3826 164286
3827 170382
3828 86065
3829 79949
3830 117166
3831 14054
3832 73970
3833 122239
3834 155063
3835 211591
3836 58777
3837 141592
3838 251875
3839 101887
3840 256728
3841 246507
3842 223521
3843 147618
3844 186611
3845 111610
3846 117514
3847 16062
3848 50675
3849 172784
3850 221406
3851 16773
3852 93430
3853 36377
3854 27137
3855 78267
3856 134695
3857 197128
3858 82786
3859 13957
3860 131855
3861 98011
3862 257654
3863 14590
3864 219626
3865 28140
3866 95510
3867 75179
3868 77085
3869 200177
3870 190440
3871 72950
3872 94815
3873 27677
3874 44440
3875 128117
3876 236901
3877 50653
3878 212712
3879 221981
3880 74622
3881 111687
3882 158447
3883 67804
3884 15990
3885 59635
3886 175209
3887 89821
3888 51293
3889 230567
3890 87477
3891 79134
3892 4395
3893 129242
3894 224498
3895 31622
3896 77526
3897 7325
3898 70795
3899 64411
3900 169121
3901 155637
3902 221763
3903 186459
3904 54508
3905 32399
3906 85968
3907 196764
3908 14059
3909 65397
3910 159351
3911 91275
3912 205799
3913 195419
3914 169247
3915 237933
3916 9166
3917 14052
3918 102383
3919 10047
3920 124024
3921 129333
3922 101818
3923 177361
3924 200945
3925 168320
3926 100051
3927 173583
3928 54262
3929 128171
3930 39426
3931 64822
3932 81194
3933 128207
3934 71301
3935 31896
3936 239099
3937 69301
3938 111781
3939 12166
3940 152862
3941 58972
3942 132592
3943 52567
3944 130733
3945 41400
3946 186681
3947 226657
3948 231807
3949 191364
3950 230286
3951 68159
3952 50541
3953 13625
3954 107671
3955 37055
3956 37209
3957 212778
3958 24478
3959 56126
3960 38442
3961 109978
3962 68436
3963 53200
3964 105619
3965 161057
3966 183406
3967 157470
3968 15121
3969 94293
3970 23266
3971 212097
3972 182955
3973 161278
3974 186872
3975 40501
3976 203519
3977 97903
3978 217297
3979 54740
3980 133725
3981 112327
3982 249455
3983 186703
3984 43605
3985 206504
3986 196781
3987 77188
3988 148092
3989 94406
3990 57204
3991 242310
3992 93498
3993 25447
3994 101519
3995 105351
3996 8565
3997 6959
3998 62691
3999 168404
4000 105834
