1 149655
2 182970
3 211260
4 134273
5 193530
6 42068
7 162692
8 50181
9 41114
10 15788
11 65951
12 218702
13 200223
14 199475
15 102139
16 50562
17 181542
18 247796
19 198149
20 136700
21 215440
22 199756
23 130959
24 175644
25 209849
26 169529
27 169427
28 125713
29 46430
30 129417
31 13640
32 89055
33 58926
34 207378
35 24134
36 120406
37 172784
38 34216
39 100671
40 48780
41 99954
42 167936
43 237387
44 73278
45 69734
46 217827
47 136536
48 76495
49 128776
50 172662
51 196964
52 81220
53 111678
54 175763
55 139950
56 191693
57 20768
58 63118
59 112473
60 58847
61 28118
62 173639
63 129489
64 140090
65 180576
66 90098
67 16508
68 162411
69 220585
70 16502
71 226748
72 206732
73 221860
74 80756
75 121713
76 30147
77 143626
78 114290
79 85863
80 200961
81 25053
82 189794
83 215746
84 215389
85 51818
86 116084
87 242545
88 244126
89 156617
90 119086
91 178070
92 138047
93 53722
94 160535
95 247965
96 199086
97 100713
98 179915
99 52258
100 205865
101 213694
102 177220
103 55700
104 56958
105 160299
106 112267
107 90233
108 19908
109 144539
110 199016
111 16922
112 125669
113 43513
114 189124
115 193645
116 121735
117 90773
118 192386
119 167573
120 49241
121 34213
122 112134
123 231113
124 177843
125 73154
126 126908
127 175135
128 155862
129 95424
130 8954
131 92867
132 167436
133 105348
134 79267
135 150747
136 5051
137 11445
138 139157
139 250043
140 72050
141 8114
142 5570
143 181049
144 48052
145 69838
146 214718
147 54867
148 115583
149 209277
150 92345
151 46342
152 248266
153 7524
154 179875
155 173202
156 206425
157 143005
158 105412
159 6037
160 193869
161 80082
162 183614
163 229510
164 234703
165 119378
166 210503
167 206104
168 257398
169 72538
170 201120
171 84508
172 73257
173 225495
174 244931
175 82470
176 114440
177 7194
178 57531
179 132459
180 178440
181 254786
182 197645
183 71075
184 22697
185 93033
186 8371
187 252666
188 92348
189 225856
190 139965
191 247194
192 120300
193 9899
194 226006
195 223670
196 1442
197 139756
198 84414
199 11459
200 143886
201 227889
202 79986
203 43830
204 109516
205 211100
206 224910
207 204704
208 186894
209 138968
210 89196
211 100544
212 56143
213 17697
214 56589
215 80503
216 165782
217 184134
218 53133
219 148792
220 131631
221 173228
222 235547
223 235580
224 210755
225 61751
226 162927
227 203071
228 52153
229 154240
230 190236
231 20879
232 214439
233 92566
234 228798
235 20774
236 206588
237 3492
238 17220
239 57548
240 185559
241 96118
242 48976
243 194896
244 204451
245 57176
246 85520
247 183775
248 250805
249 94329
250 176829
251 92287
252 106953
253 133453
254 42360
255 191337
256 244401
257 24623
258 165365
259 205188
260 155472
261 204258
262 92217
263 155895
264 190966
265 182189
266 253177
267 199138
268 55639
269 228173
270 165322
271 146662
272 165661
273 116467
274 20778
275 29636
276 114810
277 92403
278 230658
279 125677
280 87509
281 209512
282 61620
283 53767
284 31036
285 241972
286 145816
287 54701
288 9687
289 152358
290 204086
291 232364
292 55863
293 208523
294 110357
295 3861
296 167483
297 246819
298 51627
299 64105
300 32469
301 223545
302 107520
303 131480
304 177331
305 232192
306 230002
307 32442
308 137099
309 64351
310 44651
311 38448
312 208007
313 199185
314 150279
315 53888
316 121374
317 27348
318 133007
319 177378
320 227287
321 21430
322 151026
323 221607
324 53913
325 196847
326 105241
327 225454
328 83973
329 208757
330 145813
331 20230
332 58696
333 97974
334 46283
335 117757
336 69055
337 49545
338 161384
339 43349
340 126572
341 207582
342 110931
343 241719
344 6850
345 38684
346 122277
347 59689
348 125709
349 119328
350 81783
351 213084
352 250872
353 218701
354 179568
355 212115
356 170428
357 158741
358 140257
359 93863
360 237489
361 78030
362 185505
363 98378
364 53603
365 88472
366 253045
367 236465
368 129366
369 67897
370 242298
371 122831
372 62664
373 206917
374 49776
375 97907
376 44537
377 94665
378 193114
379 87399
380 7556
381 162480
382 100960
383 148017
384 5745
385 37451
386 180254
387 34701
388 159121
389 199313
390 93991
391 112917
392 84613
393 39965
394 166336
395 174569
396 168641
397 47365
398 40039
399 186944
400 60840
401 228694
402 175041
403 118424
404 251600
405 102628
406 23600
407 95586
408 103751
409 137550
410 21730
411 50294
412 80033
413 241327
414 79956
415 152526
416 125907
417 114549
418 165874
419 187226
420 111767
421 231944
422 180241
423 211791
424 56771
425 41034
426 70116
427 49447
428 52890
429 130917
430 227332
431 201751
432 207331
433 195326
434 248026
435 234133
436 232414
437 224463
438 52365
439 193210
440 159216
441 243833
442 29033
443 55744
444 166135
445 92179
446 106313
447 219671
448 87205
449 6363
450 2537
451 144494
452 140489
453 140314
454 101693
455 26220
456 256555
457 24682
458 10639
459 108170
460 82769
461 94286
462 71585
463 180882
464 201872
465 62649
466 42825
467 222437
468 248666
469 62740
470 124505
471 214565
472 215523
473 139686
474 171241
475 204586
476 98930
477 127614
478 152916
479 65296
480 94284
481 74927
482 53439
483 258549
484 99747
485 111346
486 252303
487 31273
488 157542
489 19944
490 20338
491 113279
492 178823
493 120110
494 65285
495 60644
496 83742
497 146115
498 216328
499 163091
500 138270
501 252707
502 171751
503 191506
504 17891
505 11978
506 202968
507 212272
508 147241
509 209882
510 201242
511 229122
512 182268
513 99784
514 149095
515 36897
516 89557
517 28873
518 146921
519 145088
520 184666
521 97116
522 149003
523 165544
524 238525
525 179941
526 114679
527 238178
528 245386
529 120275
530 131092
531 59800
532 254101
533 201204
534 154365
535 203210
536 258737
537 247838
538 104506
539 53311
540 203185
541 197427
542 204811
543 186706
544 58687
545 144020
546 125618
547 213716
548 128314
549 3437
550 234172
551 257180
552 124413
553 186058
554 53100
555 233214
556 88401
557 75399
558 146912
559 226491
560 237132
561 111216
562 254432
563 5265
564 198942
565 46216
566 181642
567 26969
568 172507
569 165368
570 173604
571 205196
572 169287
573 198814
574 43731
575 229514
576 52849
577 121081
578 35513
579 181682
580 233616
581 109752
582 176047
583 119742
584 141005
585 119351
586 246739
587 67395
588 82197
589 200497
590 15715
591 71970
592 42202
593 13612
594 23381
595 241279
596 149181
597 34950
598 213011
599 163070
600 219757
601 31140
602 81021
603 144086
604 236189
605 175166
606 163999
607 196899
608 59541
609 82651
610 86871
611 139501
612 21614
613 220798
614 143020
615 232427
616 166522
617 189059
618 66030
619 72425
620 113090
621 50575
622 16705
623 55888
624 9089
625 195771
626 133923
627 246856
628 166170
629 79899
630 243163
631 72154
632 140040
633 11135
634 14169
635 173543
636 242279
637 87270
638 64322
639 43536
640 235425
641 209846
642 53675
643 207611
644 40404
645 160850
646 176546
647 211062
648 98108
649 25703
650 236052
651 193285
652 50175
653 84350
654 64645
655 153967
656 53136
657 246612
658 90823
659 207468
660 140785
661 112828
662 48323
663 139697
664 107577
665 168827
666 225918
667 124685
668 114084
669 106469
670 180605
671 64194
672 168309
673 199023
674 149823
675 54217
676 253342
677 55547
678 125419
679 252096
680 222663
681 1731
682 86731
683 189240
684 46358
685 258382
686 214269
687 184699
688 26140
689 133131
690 190378
691 92630
692 47831
693 236457
694 69733
695 73953
696 157593
697 25735
698 30714
699 11615
700 120032
701 33759
702 160183
703 130283
704 205435
705 135199
706 242757
707 38081
708 107598
709 20844
710 246406
711 80924
712 216353
713 225870
714 252218
715 129282
716 217912
717 34171
718 155117
719 209424
720 74070
721 186079
722 239701
723 237965
724 134290
725 184464
726 215047
727 185453
728 11926
729 32724
730 58117
731 14398
732 152001
733 76613
734 98069
735 83706
736 155423
737 5213
738 222293
739 180106
740 97526
741 2705
742 230273
743 238146
744 99453
745 151817
746 52093
747 203453
748 149206
749 118722
750 74504
751 208372
752 112855
753 215194
754 85436
755 200325
756 245522
757 105404
758 97299
759 228883
760 6228
761 131856
762 122386
763 159262
764 94278
765 132528
766 105927
767 258709
768 251372
769 120321
770 125993
771 33337
772 73061
773 247569
774 69827
775 221158
776 58856
777 203086
778 47870
779 194339
780 48506
781 144017
782 9265
783 110929
784 4840
785 162313
786 173662
787 135176
788 29242
789 110830
790 172396
791 100012
792 168700
793 49059
794 153526
795 236138
796 50779
797 250553
798 163708
799 196728
800 255065
801 142346
802 80879
803 37581
804 241722
805 75662
806 53038
807 32896
808 17919
809 235312
810 233274
811 175092
812 47426
813 257763
814 161099
815 145666
816 155410
817 66447
818 155292
819 103549
820 32032
821 52173
822 89514
823 246901
824 176995
825 154709
826 213487
827 184406
828 38223
829 125053
830 226813
831 51351
832 218556
833 222240
834 118082
835 127283
836 143553
837 188891
838 70060
839 177531
840 120236
841 178107
842 254484
843 184653
844 103178
845 252928
846 242481
847 203150
848 210621
849 65316
850 234645
851 178257
852 229691
853 158414
854 241027
855 172189
856 35440
857 190497
858 126507
859 40775
860 72925
861 104355
862 232640
863 150699
864 225095
865 227597
866 123750
867 163920
868 162831
869 34991
870 100203
871 230551
872 197690
873 107033
874 226631
875 171743
876 130909
877 201972
878 97656
879 40257
880 46266
881 56446
882 170284
883 176781
884 30661
885 201286
886 166550
887 122955
888 166939
889 208149
890 74541
891 181235
892 1160
893 182044
894 115716
895 89964
896 136878
897 95778
898 160486
899 13932
900 149407
901 166098
902 124068
903 1914
904 96864
905 31321
906 209640
907 105777
908 25131
909 246966
910 154396
911 82094
912 14211
913 244337
914 9038
915 3002
916 121662
917 22706
918 157923
919 186011
920 173661
921 238455
922 157684
923 134062
924 9273
925 106077
926 215496
927 37790
928 196782
929 127390
930 29876
931 154699
932 241135
933 170837
934 217801
935 169028
936 62758
937 45553
938 235570
939 69531
940 194623
941 130428
942 148717
943 18937
944 154117
945 183439
946 62964
947 27040
948 227600
949 236659
950 141888
951 246449
952 228702
953 118269
954 19351
955 172084
956 2261
957 173738
958 36330
959 115643
960 204923
961 100493
962 51860
963 71245
964 116472
965 143782
966 235388
967 87131
968 50513
969 86537
970 243207
971 129626
972 69520
973 58830
974 48631
975 9830
976 50057
977 124007
978 28232
979 186289
980 540
981 90611
982 21097
983 61665
984 70039
985 1164
986 84401
987 5472
988 36567
989 161784
990 256183
991 221147
992 250415
993 199368
994 139561
995 184024
996 209553
997 152552
998 232455
999 99562
1000 112576
1001 59527
1002 243155
1003 150513
1004 85386
1005 37412
1006 227150
1007 117676
1008 72819
1009 209898
1010 94744
1011 100587
1012 4069
1013 137637
1014 4789
1015 18943
1016 213037
1017 231196
1018 99635
1019 66324
1020 54277
1021 74062
1022 163359
1023 196560
1024 77601
1025 89112
1026 237797
1027 88240
1028 95457
1029 26267
1030 166161
1031 1408
1032 26772
1033 25905
1034 85778
1035 19985
1036 155186
1037 149884
1038 34288
1039 251648
1040 139088
1041 249768
1042 244324
1043 230133
1044 25822
1045 63664
1046 255837
1047 132226
1048 61382
1049 238274
1050 226661
1051 103816
1052 141008
1053 128945
1054 168887
1055 21174
1056 101422
1057 217447
1058 158775
1059 62421
1060 109333
1061 50642
1062 190662
1063 39819
1064 172187
1065 130807
1066 72958
1067 64794
1068 202281
1069 142591
1070 228661
1071 234488
1072 212031
1073 100607
1074 6640
1075 72697
1076 249058
1077 191950
1078 229336
1079 195507
1080 139402
1081 239683
1082 163228
1083 5903
1084 235095
1085 229669
1086 4418
1087 133135
1088 237756
1089 242848
1090 139035
1091 38088
1092 118486
1093 66533
1094 165649
1095 148449
1096 39028
1097 94588
1098 133351
1099 184509
1100 151996
1101 179608
1102 131626
1103 149273
1104 213957
1105 185549
1106 42664
1107 193891
1108 16511
1109 227100
1110 179107
1111 212057
1112 49318
1113 93218
1114 247233
1115 35845
1116 36000
1117 144548
1118 65658
1119 80441
1120 175298
1121 223355
1122 61247
1123 226978
1124 137793
1125 36248
1126 201493
1127 173392
1128 24615
1129 117942
1130 214625
1131 125701
1132 88093
1133 222229
1134 4489
1135 37070
1136 51727
1137 99399
1138 29077
1139 120125
1140 31323
1141 169035
1142 107492
1143 199142
1144 248763
1145 172601
1146 145173
1147 167026
1148 156220
1149 82034
1150 201046
1151 144444
1152 248263
1153 77041
1154 220935
1155 19962
1156 133960
1157 246595
1158 29572
1159 159628
1160 42594
1161 26936
1162 154434
1163 28171
1164 18214
1165 33555
1166 46653
1167 117601
1168 127757
1169 158438
1170 93635
1171 202153
1172 243731
1173 155846
1174 106807
1175 89217
1176 237658
1177 122022
1178 124055
1179 104924
1180 104620
1181 36143
1182 196272
1183 83142
1184 51414
1185 253225
1186 92820
1187 126678
1188 5749
1189 142442
1190 215249
1191 211662
1192 196207
1193 83723
1194 21337
1195 227434
1196 178236
1197 216118
1198 174267
1199 144561
1200 168201
1201 97138
1202 164607
1203 252502
1204 19901
1205 253538
1206 228096
1207 32344
1208 36838
1209 49227
1210 23071
1211 32182
1212 136880
1213 162216
1214 18511
1215 82991
1216 149018
1217 245919
1218 55948
1219 192081
1220 35287
1221 142679
1222 66366
1223 68210
1224 29663
1225 90359
1226 150215
1227 213428
1228 12757
1229 126421
1230 196692
1231 173196
1232 153927
1233 25146
1234 165901
1235 256264
1236 222462
1237 241428
1238 6071
1239 201930
1240 135206
1241 145468
1242 60901
1243 207414
1244 5446
1245 178431
1246 91034
1247 245623
1248 71641
1249 217008
1250 25034
1251 107832
1252 144175
1253 50399
1254 39753
1255 91037
1256 27702
1257 26641
1258 218969
1259 172725
1260 83022
1261 44490
1262 93714
1263 128703
1264 229793
1265 252597
1266 19713
1267 69899
1268 102590
1269 13604
1270 155998
1271 92584
1272 36500
1273 190778
1274 9862
1275 240397
1276 16291
1277 169868
1278 16223
1279 221320
1280 187080
1281 230491
1282 120263
1283 163681
1284 158735
1285 130003
1286 192546
1287 143590
1288 250577
1289 181325
1290 88729
1291 122113
1292 83434
1293 117348
1294 100449
1295 241568
1296 227871
1297 108707
1298 78902
1299 217609
1300 101661
1301 63058
1302 237345
1303 735
1304 243234
1305 210606
1306 22817
1307 218179
1308 23750
1309 44742
1310 185381
1311 159763
1312 34963
1313 116043
1314 112425
1315 35607
1316 130789
1317 40240
1318 55294
1319 247592
1320 248329
1321 66369
1322 117767
1323 74473
1324 211680
1325 164886
1326 79354
1327 213020
1328 61760
1329 24087
1330 184871
1331 190833
1332 256776
1333 76439
1334 210909
1335 95876
1336 178423
1337 208538
1338 166990
1339 121326
1340 121591
1341 228073
1342 241875
1343 95631
1344 244862
1345 20833
1346 247453
1347 97292
1348 238584
1349 233313
1350 189892
1351 27736
1352 104903
1353 67950
1354 191268
1355 59125
1356 222536
1357 230856
1358 49829
1359 49180
1360 234745
1361 220587
1362 168671
1363 5210
1364 130371
1365 136765
1366 56620
1367 78312
1368 162119
1369 154727
1370 125558
1371 180773
1372 180309
1373 101311
1374 163032
1375 53043
1376 36387
1377 81904
1378 201903
1379 29748
1380 247461
1381 23313
1382 234808
1383 90277
1384 29390
1385 117361
1386 105824
1387 190161
1388 32885
1389 247133
1390 120011
1391 203420
1392 109046
1393 188430
1394 87250
1395 218277
1396 63929
1397 196719
1398 54211
1399 191670
1400 241631
1401 171798
1402 186226
1403 87564
1404 186218
1405 187875
1406 254369
1407 225502
1408 17620
1409 119152
1410 38539
1411 55789
1412 41221
1413 208578
1414 121175
1415 239640
1416 52190
1417 202233
1418 14336
1419 132551
1420 73219
1421 50355
1422 236149
1423 257462
1424 246165
1425 191217
1426 183705
1427 247218
1428 191331
1429 56338
1430 71713
1431 112170
1432 90870
1433 150280
1434 202232
1435 15156
1436 235355
1437 49029
1438 53013
1439 221380
1440 105680
1441 204071
1442 16400
1443 125272
1444 20987
1445 209514
1446 25397
1447 91199
1448 133816
1449 253300
1450 21071
1451 13532
1452 207562
1453 40302
1454 251890
1455 124483
1456 213488
1457 53612
1458 232610
1459 95469
1460 57075
1461 23194
1462 144358
1463 192615
1464 38116
1465 31326
1466 15605
1467 201218
1468 222448
1469 153907
1470 155906
1471 185151
1472 206047
1473 181129
1474 227626
1475 170782
1476 135406
1477 181148
1478 229203
1479 120524
1480 189686
1481 24481
1482 253286
1483 224563
1484 204081
1485 204243
1486 53816
1487 67900
1488 162398
1489 222711
1490 235831
1491 205788
1492 226776
1493 125481
1494 22661
1495 27502
1496 231390
1497 113551
1498 63180
1499 16476
1500 2588
1501 145855
1502 58947
1503 82597
1504 79671
1505 58487
1506 4737
1507 143571
1508 120670
1509 117471
1510 91357
1511 244137
1512 88581
1513 70021
1514 117026
1515 210195
1516 200062
1517 15195
1518 32532
1519 6263
1520 109948
1521 124898
1522 214982
1523 70430
1524 184286
1525 64421
1526 122939
1527 74192
1528 171056
1529 201894
1530 164974
1531 209343
1532 109573
1533 74407
1534 15853
1535 189881
1536 97052
1537 102642
1538 234239
1539 121754
1540 120753
1541 45369
1542 90997
1543 149488
1544 54016
1545 160815
1546 211503
1547 110555
1548 29600
1549 22701
1550 172638
1551 66499
1552 44751
1553 105282
1554 174655
1555 129082
1556 225067
1557 129551
1558 40614
1559 201626
1560 106136
1561 153318
1562 141733
1563 36296
1564 109093
1565 111601
1566 254874
1567 223278
1568 28571
1569 195133
1570 58587
1571 215558
1572 167835
1573 113044
1574 59274
1575 72992
1576 75541
1577 20151
1578 245666
1579 228979
1580 222811
1581 3517
1582 89234
1583 113643
1584 249077
1585 13816
1586 219561
1587 39301
1588 126947
1589 190446
1590 17637
1591 110834
1592 57170
1593 105995
1594 76132
1595 26198
1596 26806
1597 240379
1598 232895
1599 231403
1600 96872
1601 94052
1602 175620
1603 42976
1604 215403
1605 42998
1606 108107
1607 186456
1608 168640
1609 248345
1610 114172
1611 134048
1612 242629
1613 16900
1614 159052
1615 249997
1616 69550
1617 131647
1618 251961
1619 3883
1620 210908
1621 169319
1622 153588
1623 86091
1624 107125
1625 207168
1626 95401
1627 86770
1628 40813
1629 249488
1630 165912
1631 92330
1632 130251
1633 1063
1634 243861
1635 59183
1636 46850
1637 170928
1638 216048
1639 14580
1640 26310
1641 138911
1642 71494
1643 115655
1644 218932
1645 103465
1646 159291
1647 213288
1648 231081
1649 85380
1650 255974
1651 51335
1652 224873
1653 32371
1654 25758
1655 123448
1656 53130
1657 166006
1658 244585
1659 252392
1660 2009
1661 248435
1662 184864
1663 95257
1664 64945
1665 32013
1666 42006
1667 158064
1668 158848
1669 205283
1670 138778
1671 82884
1672 251704
1673 142540
1674 196229
1675 73429
1676 185814
1677 126976
1678 151941
1679 8572
1680 254826
1681 97993
1682 143449
1683 218107
1684 59674
1685 28178
1686 258120
1687 137727
1688 89012
1689 159682
1690 173688
1691 232920
1692 58369
1693 60847
1694 47537
1695 178785
1696 26670
1697 186055
1698 41101
1699 31612
1700 91656
1701 164249
1702 169757
1703 179872
1704 17303
1705 161920
1706 186026
1707 59757
1708 136984
1709 229260
1710 127279
1711 147732
1712 117807
1713 38007
1714 24700
1715 247485
1716 89342
1717 84777
1718 195308
1719 80637
1720 221224
1721 23613
1722 127509
1723 241181
1724 170205
1725 249957
1726 18607
1727 40702
1728 14837
1729 37664
1730 55024
1731 229312
1732 122705
1733 103251
1734 40358
1735 30333
1736 82633
1737 224251
1738 140149
1739 27013
1740 27589
1741 21998
1742 130148
1743 26705
1744 124222
1745 8551
1746 108718
1747 132248
1748 195710
1749 139661
1750 17448
1751 240747
1752 149611
1753 52338
1754 115660
1755 35311
1756 32775
1757 80618
1758 184349
1759 134457
1760 99987
1761 236855
1762 132561
1763 24881
1764 63472
1765 96490
1766 177514
1767 27984
1768 52073
1769 176313
1770 122115
1771 62850
1772 33331
1773 77711
1774 192637
1775 159953
1776 56616
1777 122439
1778 14805
1779 81708
1780 91844
1781 227968
1782 14352
1783 44677
1784 196671
1785 208671
1786 194531
1787 60974
1788 125963
1789 25720
1790 7459
1791 57046
1792 140956
1793 35945
1794 218238
1795 243263
1796 41644
1797 245938
1798 82887
1799 85344
1800 200538
1801 125509
1802 119883
1803 77961
1804 60227
1805 49985
1806 131356
1807 221890
1808 48399
1809 27344
1810 129211
1811 48790
1812 196431
1813 61440
1814 159839
1815 182069
1816 253420
1817 80518
1818 132287
1819 84769
1820 99316
1821 71335
1822 99923
1823 111769
1824 63959
1825 177918
1826 251393
1827 38988
1828 95966
1829 238400
1830 250924
1831 253272
1832 64929
1833 144068
1834 82290
1835 252824
1836 37039
1837 6467
1838 185590
1839 238272
1840 198709
1841 182299
1842 27638
1843 254502
1844 138657
1845 107
1846 234046
1847 25580
1848 210280
1849 17243
1850 228862
1851 231469
1852 201491
1853 210812
1854 181127
1855 73818
1856 108944
1857 145790
1858 98183
1859 247143
1860 196645
1861 121106
1862 168315
1863 23552
1864 63070
1865 54486
1866 212992
1867 220987
1868 49613
1869 87134
1870 85397
1871 199760
1872 156400
1873 17689
1874 205653
1875 52223
1876 257275
1877 244661
1878 87476
1879 64478
1880 109494
1881 200875
1882 173310
1883 215102
1884 258538
1885 120568
1886 122055
1887 143262
1888 96229
1889 11225
1890 123699
1891 224769
1892 186917
1893 224375
1894 158716
1895 126646
1896 51582
1897 224549
1898 172938
1899 183495
1900 22949
1901 198786
1902 225200
1903 120551
1904 17494
1905 185993
1906 31340
1907 186230
1908 235136
1909 237311
1910 214952
1911 108989
1912 121260
1913 181880
1914 49789
1915 33532
1916 228854
1917 27914
1918 230407
1919 90491
1920 182904
1921 94838
1922 115382
1923 191128
1924 209508
1925 208407
1926 208587
1927 214772
1928 51172
1929 218989
1930 258261
1931 255126
1932 96387
1933 2660
1934 33445
1935 46242
1936 165936
1937 5502
1938 99120
1939 32566
1940 169600
1941 136995
1942 157943
1943 75594
1944 94669
1945 116166
1946 247181
1947 142859
1948 37545
1949 184288
1950 88208
1951 94875
1952 233425
1953 49982
1954 179704
1955 220229
1956 169055
1957 215269
1958 217769
1959 5540
1960 235071
1961 156951
1962 234358
1963 112362
1964 57032
1965 94591
1966 112069
1967 125813
1968 41209
1969 58509
1970 166662
1971 199641
1972 76624
1973 80108
1974 227296
1975 255499
1976 71898
1977 101191
1978 25199
1979 65900
1980 128353
1981 25011
1982 134806
1983 128865
1984 182253
1985 98365
1986 34920
1987 48897
1988 83198
1989 83237
1990 131680
1991 44263
1992 93588
1993 202373
1994 99566
1995 37967
1996 41492
1997 63762
1998 236373
1999 168693
2000 217619
2001 155359
2002 206421
2003 69625
2004 83678
2005 20771
2006 246781
2007 212812
2008 127027
2009 203120
2010 246219
2011 211388
2012 160165
2013 45306
2014 6442
2015 74524
2016 190878
2017 78722
2018 215198
2019 161925
2020 191129
2021 27365
2022 135797
2023 63141
2024 43339
2025 1015
2026 14715
2027 95070
2028 225335
2029 209190
2030 125862
2031 36853
2032 197611
2033 83887
2034 97152
2035 112907
2036 117173
2037 165356
2038 238550
2039 194934
2040 218040
2041 219055
2042 151879
2043 41582
2044 78229
2045 155112
2046 254263
2047 86574
2048 39359
2049 252906
2050 123280
2051 159134
2052 16544
2053 247066
2054 139016
2055 133116
2056 136112
2057 84324
2058 199096
2059 255220
2060 67185
2061 118883
2062 72579
2063 186982
2064 164947
2065 31988
2066 4404
2067 84891
2068 29683
2069 11574
2070 224931
2071 155879
2072 247425
2073 12445
2074 233363
2075 68442
2076 176985
2077 178083
2078 53230
2079 211718
2080 235706
2081 206324
2082 216140
2083 84231
2084 136681
2085 137687
2086 73227
2087 107258
2088 231832
2089 135439
2090 36647
2091 247653
2092 14276
2093 151915
2094 120974
2095 37953
2096 120146
2097 108465
2098 239044
2099 228276
2100 184597
2101 157431
2102 215966
2103 91112
2104 48054
2105 161842
2106 5898
2107 143471
2108 56752
2109 39517
2110 206244
2111 97796
2112 107605
2113 32910
2114 52550
2115 45162
2116 110219
2117 98507
2118 13558
2119 154441
2120 37422
2121 220104
2122 187354
2123 73576
2124 91703
2125 226000
2126 238871
2127 232143
2128 147411
2129 5542
2130 163624
2131 85088
2132 249891
2133 251781
2134 29804
2135 198328
2136 70287
2137 158322
2138 139610
2139 121317
2140 244225
2141 250004
2142 89633
2143 60431
2144 254431
2145 102076
2146 67055
2147 106232
2148 33208
2149 174148
2150 120379
2151 27514
2152 46560
2153 56598
2154 201213
2155 237060
2156 207415
2157 3246
2158 219559
2159 178672
2160 161170
2161 115628
2162 23361
2163 216534
2164 67573
2165 249570
2166 257732
2167 100722
2168 168595
2169 40895
2170 108499
2171 236481
2172 233146
2173 113400
2174 99735
2175 236607
2176 67820
2177 20695
2178 179073
2179 115953
2180 112978
2181 37184
2182 212302
2183 34855
2184 214888
2185 228098
2186 208534
2187 13698
2188 207169
2189 230901
2190 247641
2191 386
2192 158049
2193 87101
2194 230195
2195 161898
2196 232420
2197 77770
2198 79357
2199 182643
2200 86203
2201 151803
2202 82228
2203 31557
2204 239866
2205 166473
2206 70833
2207 67892
2208 124246
2209 36202
2210 67310
2211 52343
2212 229391
2213 194010
2214 210444
2215 219668
2216 49552
2217 94474
2218 132215
2219 153048
2220 179326
2221 7224
2222 138265
2223 85414
2224 236907
2225 184240
2226 194604
2227 153512
2228 253545
2229 47147
2230 227733
2231 59352
2232 127040
2233 245750
2234 105603
2235 138216
2236 231759
2237 87036
2238 12503
2239 107197
2240 6111
2241 41250
2242 68586
2243 121624
2244 157540
2245 254191
2246 102915
2247 106206
2248 139107
2249 146825
2250 170697
2251 238651
2252 256701
2253 220353
2254 73925
2255 246451
2256 81100
2257 28366
2258 181208
2259 29860
2260 180924
2261 249795
2262 115725
2263 192975
2264 12264
2265 201750
2266 177089
2267 101755
2268 200600
2269 148683
2270 58698
2271 33906
2272 72387
2273 205372
2274 107078
2275 47981
2276 29988
2277 62073
2278 184801
2279 195491
2280 184622
2281 127923
2282 29102
2283 19181
2284 222551
2285 111516
2286 7856
2287 218854
2288 90512
2289 223130
2290 219845
2291 50090
2292 111925
2293 86247
2294 4968
2295 126198
2296 175319
2297 224532
2298 104522
2299 212593
2300 255034
2301 84655
2302 18111
2303 234751
2304 29819
2305 168620
2306 230400
2307 199408
2308 66506
2309 219137
2310 51566
2311 216010
2312 142372
2313 190234
2314 169532
2315 61094
2316 83622
2317 24000
2318 148569
2319 239323
2320 217626
2321 112791
2322 179029
2323 2595
2324 97003
2325 29187
2326 60290
2327 159850
2328 45031
2329 125149
2330 187165
2331 135359
2332 252626
2333 45801
2334 227654
2335 140059
2336 62792
2337 205994
2338 164447
2339 168503
2340 22441
2341 208585
2342 133885
2343 207037
2344 228781
2345 48294
2346 7773
2347 73627
2348 134230
2349 233835
2350 74610
2351 183513
2352 136115
2353 25532
2354 249576
2355 6802
2356 19516
2357 94045
2358 77381
2359 182562
2360 121337
2361 224732
2362 200710
2363 239479
2364 68492
2365 6179
2366 206408
2367 176476
2368 12691
2369 98127
2370 174536
2371 93728
2372 86274
2373 119707
2374 53124
2375 213643
2376 100597
2377 20930
2378 20459
2379 74173
2380 112920
2381 20801
2382 110128
2383 62432
2384 138807
2385 194026
2386 8352
2387 210691
2388 17988
2389 151196
2390 65127
2391 41186
2392 164932
2393 65567
2394 42379
2395 30895
2396 154641
2397 232188
2398 168138
2399 183857
2400 206940
2401 76553
2402 163853
2403 188061
2404 54449
2405 253261
2406 190769
2407 258485
2408 152152
2409 151824
2410 143908
2411 239543
2412 26914
2413 211653
2414 214155
2415 244333
2416 105066
2417 222353
2418 81334
2419 200989
2420 147490
2421 192388
2422 93492
2423 236851
2424 251853
2425 112684
2426 154998
2427 192902
2428 74609
2429 57591
2430 17228
2431 131402
2432 161500
2433 14094
2434 167043
2435 232304
2436 251083
2437 36901
2438 202744
2439 156279
2440 124312
2441 166441
2442 62105
2443 212811
2444 31841
2445 29414
2446 100792
2447 55288
2448 204100
2449 45567
2450 79638
2451 176345
2452 110104
2453 48700
2454 120886
2455 24910
2456 41453
2457 78816
2458 206765
2459 84269
2460 57675
2461 42741
2462 102619
2463 159761
2464 73859
2465 112169
2466 33451
2467 131120
2468 64792
2469 147998
2470 5039
2471 100473
2472 67929
2473 10677
2474 153909
2475 41705
2476 173938
2477 224193
2478 185675
2479 168462
2480 8648
2481 24987
2482 50909
2483 143842
2484 210271
2485 101821
2486 109743
2487 108098
2488 170082
2489 43869
2490 8485
2491 133339
2492 18510
2493 171554
2494 97353
2495 238687
2496 62089
2497 54784
2498 80845
2499 209136
2500 124570
2501 222063
2502 202118
2503 26063
2504 212399
2505 183107
2506 251334
2507 54828
2508 258700
2509 13562
2510 63326
2511 228987
2512 190300
2513 198448
2514 1111
2515 245627
2516 20800
2517 62471
2518 67460
2519 157316
2520 120033
2521 149468
2522 141086
2523 43962
2524 99765
2525 185911
2526 91897
2527 130262
2528 254968
2529 114562
2530 36991
2531 10457
2532 193828
2533 51404
2534 51965
2535 53245
2536 13285
2537 143497
2538 142782
2539 95736
2540 53867
2541 99709
2542 103948
2543 91505
2544 177117
2545 137645
2546 51840
2547 132111
2548 64963
2549 94622
2550 54968
2551 80049
2552 255612
2553 58736
2554 149320
2555 134867
2556 180659
2557 186733
2558 248394
2559 122144
2560 169436
2561 14642
2562 81085
2563 141638
2564 220425
2565 89522
2566 20572
2567 246360
2568 68818
2569 40545
2570 40344
2571 106202
2572 30932
2573 139104
2574 111041
2575 190465
2576 41362
2577 153704
2578 155482
2579 6330
2580 188425
2581 2341
2582 79890
2583 112256
2584 71013
2585 7747
2586 18313
2587 219160
2588 73412
2589 160561
2590 122378
2591 167101
2592 91356
2593 61772
2594 228253
2595 15557
2596 159514
2597 30357
2598 211632
2599 193866
2600 29959
2601 185972
2602 248796
2603 252571
2604 164310
2605 28686
2606 22022
2607 144185
2608 67151
2609 196340
2610 209483
2611 111563
2612 219537
2613 129385
2614 91717
2615 145301
2616 64299
2617 188096
2618 120903
2619 95809
2620 146048
2621 17740
2622 167475
2623 215772
2624 53452
2625 172870
2626 74607
2627 70530
2628 100802
2629 51904
2630 157941
2631 855
2632 161516
2633 149198
2634 54299
2635 120997
2636 107904
2637 185690
2638 204181
2639 157620
2640 124845
2641 243939
2642 200669
2643 91616
2644 3356
2645 70498
2646 151214
2647 219998
2648 61383
2649 211886
2650 229704
2651 157076
2652 75483
2653 235090
2654 203172
2655 120906
2656 125456
2657 64693
2658 71360
2659 203552
2660 57185
2661 127835
2662 169572
2663 155023
2664 233480
2665 199251
2666 129942
2667 23888
2668 61396
2669 65667
2670 221675
2671 148035
2672 236058
2673 206055
2674 60268
2675 42548
2676 59681
2677 2473
2678 177453
2679 144673
2680 10227
2681 12334
2682 70162
2683 58032
2684 160116
2685 62808
2686 26144
2687 110420
2688 149394
2689 97706
2690 121111
2691 20506
2692 223455
2693 245206
2694 71532
2695 123261
2696 10869
2697 66128
2698 14144
2699 89159
2700 45991
2701 112325
2702 10264
2703 76985
2704 22606
2705 7080
2706 172156
2707 224189
2708 57093
2709 962
2710 34831
2711 89656
2712 28025
2713 153397
2714 57097
2715 228284
2716 204480
2717 257327
2718 204653
2719 204620
2720 189990
2721 144286
2722 140388
2723 107295
2724 258498
2725 170119
2726 105433
2727 187706
2728 134749
2729 29921
2730 45251
2731 221347
2732 38796
2733 240105
2734 56429
2735 59262
2736 222820
2737 251511
2738 56033
2739 210282
2740 193768
2741 227899
2742 14108
2743 49638
2744 175738
2745 188616
2746 83086
2747 68144
2748 197103
2749 47037
2750 151304
2751 218883
2752 172551
2753 154058
2754 221012
2755 26073
2756 88142
2757 95898
2758 81031
2759 50683
2760 220800
2761 133548
2762 38998
2763 72177
2764 177157
2765 190052
2766 187721
2767 1795
2768 137810
2769 76136
2770 222164
2771 208498
2772 7974
2773 25522
2774 186882
2775 12008
2776 241057
2777 20773
2778 34076
2779 179553
2780 79588
2781 221822
2782 209056
2783 87844
2784 54993
2785 109273
2786 112975
2787 258407
2788 199227
2789 116401
2790 137314
2791 62944
2792 256907
2793 234191
2794 83195
2795 236038
2796 155035
2797 68744
2798 28895
2799 256466
2800 229147
2801 73844
2802 154883
2803 19739
2804 124617
2805 49702
2806 125575
2807 122098
2808 55177
2809 258811
2810 20504
2811 221016
2812 199147
2813 160786
2814 91269
2815 73697
2816 56005
2817 151832
2818 76419
2819 116604
2820 35231
2821 202531
2822 48367
2823 33245
2824 171857
2825 190524
2826 78733
2827 228969
2828 229097
2829 47821
2830 216991
2831 127500
2832 160925
2833 135292
2834 87625
2835 169134
2836 201660
2837 117464
2838 71850
2839 166927
2840 22143
2841 102690
2842 10890
2843 128454
2844 164418
2845 18535
2846 201641
2847 74394
2848 49133
2849 6608
2850 176521
2851 57471
2852 250764
2853 128023
2854 211203
2855 38805
2856 183915
2857 50026
2858 217027
2859 120195
2860 138304
2861 148726
2862 180885
2863 11343
2864 223386
2865 199828
2866 188340
2867 255580
2868 141614
2869 154378
2870 171361
2871 132431
2872 143353
2873 192721
2874 76029
2875 118861
2876 50156
2877 174688
2878 121284
2879 234168
2880 229033
2881 183998
2882 110471
2883 59643
2884 173822
2885 12899
2886 248246
2887 180585
2888 184763
2889 227818
2890 176397
2891 37104
2892 70959
2893 132860
2894 170726
2895 121827
2896 37439
2897 13700
2898 181267
2899 190441
2900 62818
2901 29420
2902 61684
2903 138616
2904 162084
2905 195484
2906 214907
2907 56984
2908 164765
2909 201078
2910 131651
2911 179392
2912 89386
2913 14582
2914 251150
2915 24493
2916 3537
2917 180454
2918 121712
2919 134923
2920 175565
2921 57494
2922 38039
2923 51337
2924 192895
2925 58107
2926 29729
2927 217621
2928 25702
2929 203714
2930 60944
2931 156099
2932 193089
2933 149305
2934 120830
2935 221335
2936 206737
2937 58188
2938 137764
2939 258765
2940 64484
2941 202316
2942 223551
2943 15476
2944 203159
2945 231260
2946 531
2947 163669
2948 153344
2949 167180
2950 257020
2951 246025
2952 85098
2953 37243
2954 171551
2955 199642
2956 166551
2957 114101
2958 64174
2959 184272
2960 52515
2961 3690
2962 221440
2963 152270
2964 222110
2965 151816
2966 159112
2967 74237
2968 102648
2969 27235
2970 240679
2971 216029
2972 121375
2973 176368
2974 47115
2975 195392
2976 91673
2977 214950
2978 202477
2979 138511
2980 53403
2981 61287
2982 180486
2983 215098
2984 198088
2985 85129
2986 24102
2987 244635
2988 54193
2989 181501
2990 84659
2991 121090
2992 148206
2993 14032
2994 202722
2995 218359
2996 162285
2997 238805
2998 211533
2999 179830
3000 92131
3001 12463
3002 231547
3003 157587
3004 115844
3005 106532
3006 90854
3007 146205
3008 25315
3009 124742
3010 174333
3011 39065
3012 174741
3013 187339
3014 149747
3015 90373
3016 143159
3017 141681
3018 89738
3019 240087
3020 114957
3021 195130
3022 141151
3023 223835
3024 75626
3025 129921
3026 227182
3027 153471
3028 199321
3029 121298
3030 206664
3031 31733
3032 199665
3033 25220
3034 162495
3035 108753
3036 232211
3037 258555
3038 224205
3039 222741
3040 235039
3041 234338
3042 13636
3043 167291
3044 129969
3045 153237
3046 209110
3047 255669
3048 170518
3049 85523
3050 58973
3051 58402
3052 19540
3053 5880
3054 237725
3055 161890
3056 136788
3057 245465
3058 200969
3059 80573
3060 162494
3061 150915
3062 204110
3063 13118
3064 118397
3065 72356
3066 207476
3067 257629
3068 108554
3069 154962
3070 258725
3071 18856
3072 79672
3073 250573
3074 88145
3075 140407
3076 76170
3077 243418
3078 66744
3079 64655
3080 20019
3081 229350
3082 214090
3083 90112
3084 187568
3085 58073
3086 221283
3087 184184
3088 183157
3089 44248
3090 117008
3091 132106
3092 224553
3093 65302
3094 130867
3095 243143
3096 107530
3097 124932
3098 184474
3099 114044
3100 103879
3101 61927
3102 241591
3103 148330
3104 162062
3105 109977
3106 187972
3107 91022
3108 12412
3109 159879
3110 169333
3111 130287
3112 224791
3113 32113
3114 31695
3115 1811
3116 31581
3117 207336
3118 125310
3119 24222
3120 26196
3121 123360
3122 164524
3123 136165
3124 245329
3125 142062
3126 52268
3127 38013
3128 227740
3129 11197
3130 254389
3131 169534
3132 94913
3133 89818
3134 29470
3135 140172
3136 179818
3137 179508
3138 236743
3139 97651
3140 82107
3141 74725
3142 184122
3143 184261
3144 44428
3145 75642
3146 37114
3147 236790
3148 39444
3149 64247
3150 216464
3151 217355
3152 48762
3153 140082
3154 146413
3155 35202
3156 94743
3157 159242
3158 191210
3159 61442
3160 19132
3161 134774
3162 49891
3163 221218
3164 179233
3165 227077
3166 40856
3167 131628
3168 205370
3169 80221
3170 113355
3171 57307
3172 4589
3173 192511
3174 100580
3175 235415
3176 190309
3177 25286
3178 64079
3179 105675
3180 45330
3181 124801
3182 39533
3183 183286
3184 29170
3185 244776
3186 11735
3187 12586
3188 114449
3189 167902
3190 7658
3191 7146
3192 219229
3193 63072
3194 240192
3195 133164
3196 171259
3197 133383
3198 184102
3199 211339
3200 158963
3201 178105
3202 203077
3203 234276
3204 23752
3205 38717
3206 7303
3207 191696
3208 217859
3209 4125
3210 50431
3211 211161
3212 15429
3213 167455
3214 21865
3215 154252
3216 52675
3217 181555
3218 83318
3219 172665
3220 247052
3221 35206
3222 251793
3223 132247
3224 71953
3225 194012
3226 195860
3227 241536
3228 190213
3229 158121
3230 12117
3231 81990
3232 17079
3233 123353
3234 3602
3235 86148
3236 210331
3237 212976
3238 15633
3239 87353
3240 172608
3241 139990
3242 224906
3243 197821
3244 256724
3245 114653
3246 176712
3247 248549
3248 59576
3249 170039
3250 42337
3251 32175
3252 143815
3253 211189
3254 151441
3255 239595
3256 22288
3257 245754
3258 13628
3259 108575
3260 16868
3261 98823
3262 206711
3263 150579
3264 58170
3265 119097
3266 72834
3267 102229
3268 235815
3269 113369
3270 14733
3271 86250
3272 161934
3273 83060
3274 256819
3275 124872
3276 14102
3277 30757
3278 247620
3279 217124
3280 45422
3281 250723
3282 176921
3283 51739
3284 169448
3285 168402
3286 95342
3287 162095
3288 72210
3289 206138
3290 149180
3291 155975
3292 226349
3293 36606
3294 183316
3295 232660
3296 149805
3297 336
3298 219281
3299 199104
3300 224100
3301 109617
3302 147825
3303 233638
3304 131086
3305 10178
3306 118501
3307 155486
3308 12736
3309 254919
3310 49870
3311 133392
3312 173233
3313 38616
3314 152786
3315 24486
3316 193164
3317 121048
3318 253967
3319 158787
3320 72269
3321 228670
3322 10505
3323 138248
3324 21896
3325 107446
3326 66443
3327 215307
3328 133232
3329 160536
3330 246765
3331 116915
3332 161104
3333 214295
3334 245292
3335 171593
3336 151522
3337 127802
3338 104447
3339 117609
3340 131230
3341 225731
3342 123000
3343 232187
3344 23697
3345 102219
3346 61097
3347 17641
3348 122262
3349 72542
3350 12765
3351 151392
3352 84365
3353 97610
3354 7941
3355 60884
3356 100477
3357 207980
3358 136496
3359 1254
3360 179978
3361 101209
3362 158331
3363 96488
3364 101226
3365 110469
3366 107139
3367 34105
3368 177912
3369 147942
3370 209965
3371 26522
3372 246320
3373 77802
3374 250543
3375 48638
3376 151432
3377 251228
3378 138761
3379 240518
3380 168096
3381 197018
3382 161271
3383 173935
3384 254056
3385 42907
3386 227072
3387 102581
3388 125463
3389 99958
3390 4204
3391 199640
3392 135254
3393 120029
3394 240898
3395 124829
3396 179332
3397 66219
3398 156216
3399 103963
3400 197699
3401 243167
3402 47995
3403 94874
3404 151787
3405 124567
3406 52164
3407 213242
3408 120713
3409 209441
3410 153757
3411 37271
3412 47626
3413 17999
3414 86558
3415 183283
3416 89043
3417 128787
3418 30917
3419 116571
3420 36106
3421 109205
3422 190354
3423 210406
3424 147730
3425 171113
3426 50703
3427 13547
3428 165351
3429 233615
3430 226691
3431 10115
3432 185396
3433 136560
3434 173350
3435 62831
3436 212388
3437 42089
3438 12324
3439 54053
3440 227576
3441 102251
3442 234594
3443 170831
3444 33524
3445 193257
3446 106731
3447 189248
3448 75089
3449 82679
3450 166275
3451 237016
3452 242915
3453 154818
3454 20758
3455 187113
3456 248475
3457 7537
3458 28640
3459 69596
3460 116975
3461 148151
3462 75028
3463 179061
3464 162665
3465 104638
3466 210989
3467 160207
3468 236370
3469 14781
3470 52888
3471 192451
3472 110565
3473 82967
3474 7454
3475 252671
3476 99622
3477 41511
3478 161190
3479 40883
3480 252910
3481 158102
3482 182935
3483 231482
3484 12430
3485 192747
3486 228482
3487 109013
3488 124212
3489 91141
3490 158895
3491 105490
3492 257764
3493 139488
3494 216847
3495 251943
3496 171764
3497 120656
3498 47867
3499 201245
3500 28909
3501 42804
3502 115722
3503 215679
3504 96430
3505 175118
3506 202945
3507 234207
3508 154392
3509 101326
3510 252221
3511 23716
3512 204552
3513 256090
3514 229946
3515 158305
3516 241809
3517 80389
3518 256109
3519 141562
3520 43443
3521 10878
3522 53117
3523 20826
3524 191619
3525 55694
3526 137140
3527 228071
3528 238044
3529 46909
3530 70163
3531 194500
3532 242078
3533 108144
3534 104831
3535 192663
3536 39343
3537 95294
3538 169151
3539 116242
3540 46069
3541 92537
3542 77309
3543 103556
3544 95701
3545 180117
3546 88747
3547 39728
3548 254533
3549 255504
3550 110805
3551 214196
3552 174164
3553 4081
3554 109041
3555 211851
3556 37558
3557 57426
3558 86549
3559 151881
3560 216452
3561 126306
3562 76766
3563 38594
3564 146822
3565 165961
3566 58989
3567 4752
3568 46058
3569 6989
3570 198748
3571 19707
3572 27464
3573 167494
3574 208999
3575 174729
3576 140459
3577 69075
3578 101075
3579 50027
3580 149796
3581 77465
3582 57957
3583 254205
3584 216972
3585 206238
3586 68509
3587 75729
3588 50588
3589 254412
3590 24181
3591 57962
3592 191451
3593 69395
3594 250244
3595 47161
3596 182539
3597 164728
3598 69212
3599 182621
3600 190708
3601 27401
3602 89699
3603 114113
3604 181418
3605 94661
3606 197836
3607 166410
3608 84870
3609 207835
3610 70674
3611 85796
3612 128814
3613 169200
3614 229537
3615 251455
3616 96796
3617 144012
3618 17267
3619 171844
3620 227894
3621 143599
3622 58603
3623 144437
3624 215233
3625 248309
3626 230988
3627 30906
3628 122401
3629 129040
3630 177623
3631 4998
3632 96781
3633 8846
3634 19700
3635 222924
3636 190911
3637 229800
3638 165824
3639 198475
3640 174370
3641 115008
3642 9238
3643 244577
3644 206449
3645 66003
3646 167700
3647 8670
3648 199406
3649 197727
3650 161943
3651 206713
3652 158277
3653 60124
3654 189227
3655 242814
3656 86097
3657 122611
3658 182698
3659 82284
3660 35503
3661 142081
3662 41554
3663 214496
3664 234397
3665 142873
3666 173315
3667 147567
3668 77945
3669 85755
3670 220292
3671 13730
3672 227665
3673 18064
3674 68375
3675 212782
3676 101616
3677 241064
3678 52829
3679 115113
3680 206573
3681 45584
3682 186000
3683 103830
3684 168213
3685 124124
3686 46990
3687 2268
3688 199079
3689 26721
3690 116337
3691 118520
3692 179482
3693 228005
3694 144688
3695 164945
3696 93813
3697 234072
3698 105182
3699 133676
3700 83483
3701 192575
3702 161580
3703 35185
3704 94040
3705 150793
3706 67703
3707 246292
3708 84097
3709 252521
3710 345
3711 241848
3712 143882
3713 124670
3714 54450
3715 154253
3716 73274
3717 41257
3718 204947
3719 250087
3720 252156
3721 24560
3722 116490
3723 187915
3724 186756
3725 182437
3726 181072
3727 4290
3728 144972
3729 135972
3730 87381
3731 117027
3732 73113
3733 29310
3734 187957
3735 194723
3736 185850
3737 188774
3738 167015
3739 170533
3740 243225
3741 906
3742 86952
3743 204060
3744 238392
3745 250545
3746 199490
3747 121921
3748 197904
3749 194482
3750 256143
3751 100547
3752 166640
3753 228163
3754 42658
3755 135221
3756 6225
3757 224810
3758 44293
3759 180883
3760 185570
3761 212729
3762 162552
3763 250496
3764 191626
3765 81230
3766 58441
3767 156829
3768 221786
3769 104662
3770 120240
3771 21355
3772 12213
3773 4673
3774 258527
3775 136834
3776 54806
3777 30177
3778 21649
3779 75146
3780 96644
3781 182891
3782 114377
3783 54879
3784 211055
3785 223615
3786 86508
3787 67618
3788 138943
3789 244298
3790 53193
3791 149634
3792 168689
3793 237696
3794 11734
3795 95051
3796 103341
3797 205076
3798 176652
3799 154662
3800 55707
3801 242104
3802 15472
3803 228300
3804 31331
3805 154901
3806 56179
3807 242582
3808 240592
3809 78622
3810 61703
3811 189958
3812 254794
3813 22214
3814 213245
3815 235271
3816 254332
3817 181587
3818 36808
3819 39067
3820 47429
3821 159222
3822 60597
3823 246259
3824 129807
3825 96274
3826 163538
3827 172176
3828 129781
3829 75263
3830 9286
3831 30161
3832 201212
3833 52293
3834 135530
3835 186563
3836 91751
3837 41383
3838 152122
3839 220212
3840 161197
3841 39383
3842 227982
3843 24503
3844 185482
3845 108856
3846 151985
3847 218389
3848 217009
3849 137625
3850 243540
3851 234551
3852 137900
3853 152473
3854 217088
3855 161593
3856 57851
3857 94525
3858 131536
3859 109541
3860 124449
3861 8963
3862 42151
3863 103407
3864 228790
3865 105793
3866 247661
3867 91667
3868 77597
3869 190788
3870 178375
3871 106461
3872 177580
3873 232276
3874 123475
3875 18338
3876 32829
3877 30854
3878 189065
3879 48230
3880 211673
3881 145008
3882 149055
3883 21248
3884 219289
3885 121278
3886 247646
3887 82457
3888 76176
3889 191793
3890 108266
3891 150858
3892 225955
3893 198547
3894 169178
3895 163433
3896 156113
3897 168862
3898 154115
3899 64123
3900 251531
3901 208316
3902 187418
3903 205692
3904 154490
3905 158311
3906 178011
3907 99170
3908 63789
3909 119007
3910 87952
3911 222111
3912 41235
3913 46241
3914 195868
3915 49537
3916 33307
3917 247102
3918 507
3919 239654
3920 77077
3921 54839
3922 236097
3923 145411
3924 87035
3925 63741
3926 52674
3927 12710
3928 29545
3929 134307
3930 90475
3931 60099
3932 28713
3933 96091
3934 196422
3935 2090
3936 48027
3937 80909
3938 201337
3939 53256
3940 35129
3941 163145
3942 98021
3943 29491
3944 123274
3945 221213
3946 18222
3947 55741
3948 106828
3949 95150
3950 166405
3951 197830
3952 117935
3953 24358
3954 211090
3955 133821
3956 160329
3957 216992
3958 180013
3959 253251
3960 3566
3961 57362
3962 79714
3963 161823
3964 186471
3965 102712
3966 49166
3967 149876
3968 239344
3969 25845
3970 170531
3971 98435
3972 166743
3973 18327
3974 99397
3975 124961
3976 78497
3977 235653
3978 138478
3979 152727
3980 69541
3981 194128
3982 168211
3983 239588
3984 115370
3985 251279
3986 196883
3987 47486
3988 119767
3989 85364
3990 168161
3991 3325
3992 150519
3993 172382
3994 52310
3995 234034
3996 159753
3997 31933
3998 79003
3999 148065
4000 220216
