1 117478
2 120444
3 101212
4 115814
5 79573
6 195017
7 39316
8 26063
9 83132
10 8393
11 74042
12 59234
13 149020
14 183329
15 89619
16 103191
17 74046
18 210283
19 158700
20 153417
21 258719
22 218345
23 149612
24 118906
25 149439
26 219062
27 151768
28 110340
29 94473
30 250405
31 168184
32 143066
33 91155
34 199947
35 61940
36 143295
37 235408
38 133841
39 65090
40 193346
41 196940
42 143845
43 246047
44 211752
45 122785
46 111134
47 24296
48 192672
49 130884
50 110852
51 14684
52 56947
53 119524
54 170982
55 45509
56 13034
57 127398
58 162261
59 29375
60 184806
61 217538
62 74619
63 42804
64 130792
65 116909
66 22066
67 104188
68 257531
69 254882
70 135373
71 203147
72 172575
73 130557
74 18418
75 169829
76 126513
77 106728
78 133326
79 73039
80 162147
81 38215
82 183078
83 54849
84 200582
85 225728
86 91208
87 213643
88 182125
89 220734
90 54615
91 177910
92 174048
93 18456
94 47771
95 6587
96 185331
97 165748
98 194341
99 40528
100 241900
101 189475
102 13778
103 78534
104 167293
105 117990
106 54475
107 13433
108 180163
109 132017
110 221217
111 189901
112 81994
113 242494
114 228993
115 199169
116 232581
117 66009
118 14452
119 204212
120 159658
121 45241
122 72068
123 110978
124 4957
125 69119
126 181393
127 172249
128 203632
129 47978
130 41855
131 233475
132 74841
133 49936
134 158284
135 183461
136 29820
137 223107
138 55058
139 161831
140 49759
141 140887
142 19572
143 196066
144 81646
145 54106
146 113314
147 15402
148 185621
149 194191
150 165196
151 178244
152 107603
153 85700
154 38145
155 191842
156 175758
157 77304
158 222011
159 122743
160 86997
161 156724
162 235365
163 83193
164 165130
165 91594
166 69733
167 241865
168 128896
169 237569
170 225777
171 13873
172 241435
173 191995
174 239885
175 12740
176 164055
177 186738
178 124964
179 25050
180 45472
181 238464
182 176721
183 203102
184 6009
185 207262
186 33691
187 10469
188 12574
189 100537
190 21238
191 135908
192 115262
193 172952
194 240099
195 113306
196 247620
197 193253
198 89942
199 239977
200 37144
201 111786
202 218003
203 41789
204 251201
205 29685
206 137622
207 90402
208 173172
209 41809
210 160717
211 93873
212 243853
213 241828
214 101703
215 103003
216 233998
217 68648
218 201589
219 32225
220 180578
221 213976
222 165858
223 93175
224 225108
225 40001
226 111432
227 229495
228 37734
229 139454
230 82505
231 9691
232 237901
233 165798
234 198277
235 199760
236 35471
237 255376
238 110074
239 195606
240 184294
241 120950
242 60962
243 159856
244 61912
245 208563
246 215408
247 212042
248 100001
249 191129
250 185116
251 252091
252 225615
253 79629
254 244220
255 246394
256 215019
257 229556
258 145086
259 151659
260 12534
261 230938
262 55521
263 145894
264 53132
265 254965
266 209160
267 205291
268 31765
269 12575
270 48174
271 180824
272 147460
273 164832
274 161946
275 130191
276 89407
277 138719
278 216250
279 256223
280 199918
281 135401
282 230267
283 14033
284 125823
285 155309
286 78670
287 71946
288 68419
289 187666
290 132338
291 143275
292 198536
293 48855
294 111938
295 247747
296 32149
297 245102
298 37370
299 121445
300 39661
301 87548
302 245852
303 49758
304 219480
305 180457
306 21152
307 195176
308 190962
309 48304
310 138045
311 208101
312 220599
313 99759
314 153646
315 173384
316 219601
317 21278
318 153084
319 44731
320 98200
321 215938
322 67862
323 238600
324 90482
325 248392
326 65033
327 108590
328 15809
329 252075
330 223109
331 164527
332 150225
333 168111
334 67109
335 189589
336 212858
337 179567
338 18077
339 101362
340 35422
341 166859
342 199433
343 155118
344 189982
345 253547
346 42437
347 60168
348 257189
349 39555
350 47519
351 74938
352 26696
353 5443
354 258636
355 241497
356 192515
357 186548
358 230760
359 227239
360 41067
361 149709
362 20033
363 238046
364 215309
365 159065
366 225170
367 101254
368 12930
369 80968
370 208747
371 12794
372 59663
373 186454
374 156161
375 108838
376 150062
377 187537
378 60262
379 251334
380 145609
381 115174
382 18428
383 186870
384 134971
385 219506
386 66568
387 8043
388 102490
389 187895
390 109144
391 84039
392 133271
393 154256
394 145124
395 160002
396 216640
397 151865
398 94547
399 129153
400 3616
401 203699
402 161295
403 72245
404 139133
405 151949
406 28031
407 21091
408 46403
409 180501
410 246074
411 128021
412 14630
413 177691
414 59516
415 111993
416 255465
417 56267
418 76943
419 15954
420 246204
421 250807
422 73062
423 103916
424 32065
425 189291
426 248681
427 218810
428 158423
429 200608
430 161387
431 120921
432 75455
433 196067
434 219054
435 6655
436 65848
437 91377
438 67775
439 214798
440 135463
441 74212
442 44635
443 221541
444 145044
445 127458
446 181949
447 166637
448 227614
449 231503
450 205536
451 178544
452 256720
453 250313
454 7449
455 82840
456 166721
457 169620
458 205387
459 48036
460 224991
461 45998
462 118198
463 229363
464 82316
465 94203
466 23472
467 242246
468 112789
469 120363
470 251171
471 38867
472 72674
473 91491
474 7420
475 44101
476 244916
477 80204
478 114772
479 89733
480 253092
481 43857
482 176283
483 58440
484 203111
485 176566
486 37878
487 143016
488 247160
489 153715
490 55427
491 129007
492 145254
493 239434
494 227419
495 250587
496 98634
497 179091
498 83306
499 235328
500 194383
501 111640
502 148341
503 213277
504 183897
505 118793
506 63854
507 14016
508 171288
509 246342
510 213544
511 173947
512 119958
513 25528
514 242022
515 205640
516 89157
517 189032
518 36464
519 5021
520 67068
521 218554
522 26321
523 255876
524 52092
525 24029
526 144348
527 202323
528 226288
529 15879
530 131306
531 210907
532 191374
533 212529
534 212683
535 188426
536 105189
537 75092
538 232993
539 84176
540 57006
541 88516
542 106790
543 65882
544 132691
545 208358
546 52352
547 89486
548 230621
549 149142
550 75537
551 130515
552 190729
553 124501
554 163929
555 227964
556 121981
557 125921
558 244181
559 58033
560 2288
561 92196
562 15756
563 18152
564 204181
565 109920
566 223567
567 254833
568 126083
569 245552
570 144630
571 243093
572 36292
573 15015
574 162720
575 76037
576 111664
577 185613
578 240444
579 50213
580 256897
581 151583
582 78599
583 39242
584 132616
585 216582
586 189632
587 171019
588 215831
589 91122
590 124481
591 134060
592 81021
593 233072
594 129828
595 8511
596 29382
597 78981
598 164815
599 121886
600 181895
601 9775
602 83688
603 4772
604 178710
605 173868
606 119548
607 23707
608 171254
609 17409
610 57775
611 186114
612 132134
613 95697
614 247731
615 188151
616 203505
617 88880
618 145325
619 218530
620 157731
621 210773
622 3799
623 125476
624 195346
625 2617
626 144955
627 29007
628 86774
629 247609
630 241505
631 230009
632 60578
633 15129
634 147815
635 188290
636 189333
637 91258
638 35271
639 135545
640 176505
641 180644
642 243224
643 250870
644 74743
645 128837
646 195409
647 134896
648 22482
649 141387
650 134813
651 171146
652 118096
653 17368
654 168084
655 194926
656 59551
657 155168
658 86729
659 84260
660 245403
661 87984
662 38032
663 70162
664 103442
665 57512
666 168888
667 201552
668 224850
669 225518
670 211736
671 17060
672 143040
673 27995
674 94645
675 145726
676 44227
677 61765
678 164013
679 239773
680 171526
681 40086
682 220257
683 132541
684 60534
685 245256
686 119408
687 168238
688 8355
689 17149
690 48606
691 234555
692 102773
693 42456
694 137044
695 193857
696 139826
697 253775
698 133303
699 202997
700 150959
701 84799
702 208533
703 152035
704 61070
705 40876
706 230217
707 228794
708 206824
709 228973
710 69233
711 231930
712 194854
713 174798
714 113168
715 252987
716 166971
717 103956
718 44733
719 80456
720 222328
721 248358
722 5828
723 137670
724 165427
725 34642
726 12089
727 28601
728 253192
729 22576
730 84064
731 121080
732 173625
733 1227
734 119809
735 252163
736 187570
737 30575
738 67819
739 243670
740 47216
741 173251
742 176988
743 28095
744 30647
745 158795
746 177153
747 163468
748 17343
749 234741
750 35348
751 48875
752 181091
753 206123
754 50142
755 184959
756 81767
757 219682
758 192700
759 200200
760 21341
761 77400
762 27779
763 231560
764 11724
765 129416
766 165655
767 243200
768 79800
769 15169
770 36911
771 32710
772 111418
773 157688
774 247486
775 168406
776 125524
777 130592
778 229203
779 142504
780 85058
781 229412
782 65745
783 89454
784 41161
785 17838
786 189447
787 105987
788 18604
789 208122
790 72570
791 16306
792 127044
793 43608
794 173105
795 78078
796 194203
797 229864
798 169441
799 15344
800 75691
801 67467
802 207260
803 203451
804 212071
805 233473
806 117665
807 114735
808 30934
809 246140
810 445
811 87554
812 160780
813 153103
814 39411
815 117957
816 49254
817 123922
818 27258
819 124538
820 89918
821 146737
822 198364
823 176464
824 80098
825 120541
826 210355
827 230678
828 91275
829 137449
830 111069
831 85970
832 231004
833 84541
834 203788
835 17554
836 202965
837 202571
838 204595
839 236299
840 69307
841 127954
842 33829
843 208298
844 92923
845 220261
846 163844
847 53174
848 25925
849 189847
850 94832
851 236460
852 135400
853 136911
854 258864
855 35847
856 250412
857 117049
858 95290
859 101136
860 187058
861 219262
862 79153
863 239580
864 26289
865 197227
866 163872
867 38459
868 193793
869 159007
870 13734
871 141656
872 254438
873 235878
874 1731
875 29404
876 111754
877 206222
878 4634
879 68741
880 218062
881 95638
882 56596
883 256975
884 9591
885 115171
886 56900
887 82143
888 130270
889 36916
890 33508
891 108159
892 36158
893 33289
894 245123
895 188053
896 209583
897 196409
898 186351
899 19545
900 220121
901 157572
902 66637
903 169394
904 155802
905 75086
906 110875
907 182150
908 156935
909 253568
910 171590
911 9296
912 187974
913 246143
914 75713
915 127944
916 244119
917 182599
918 104541
919 35024
920 71973
921 199301
922 144383
923 204896
924 253819
925 49174
926 137856
927 45251
928 192115
929 77831
930 16026
931 108091
932 121007
933 37138
934 126061
935 216210
936 94998
937 234767
938 32138
939 124782
940 170795
941 225418
942 218111
943 40040
944 59274
945 63734
946 32873
947 96641
948 89899
949 67707
950 114524
951 107599
952 61150
953 46836
954 46301
955 195864
956 124163
957 60202
958 69023
959 232551
960 135909
961 153957
962 189504
963 69473
964 204403
965 125478
966 239966
967 241035
968 139641
969 7298
970 184004
971 215472
972 246100
973 175471
974 215331
975 242905
976 11354
977 256060
978 132144
979 103161
980 149889
981 27112
982 230866
983 72997
984 32155
985 170739
986 187748
987 160691
988 83080
989 169427
990 139808
991 86433
992 31092
993 61579
994 57472
995 248554
996 120737
997 36856
998 8913
999 144405
1000 81863
1001 132793
1002 48682
1003 165639
1004 207786
1005 256470
1006 244772
1007 9141
1008 202270
1009 135134
1010 201358
1011 83904
1012 9760
1013 19742
1014 137971
1015 227436
1016 252161
1017 108291
1018 82453
1019 198286
1020 239421
1021 26617
1022 111707
1023 200707
1024 211256
1025 112281
1026 79643
1027 49876
1028 171180
1029 172125
1030 9274
1031 116539
1032 137175
1033 226817
1034 95568
1035 113383
1036 144320
1037 62509
1038 155386
1039 163574
1040 67092
1041 109974
1042 89439
1043 195252
1044 138288
1045 158336
1046 80901
1047 135723
1048 104947
1049 98648
1050 256907
1051 118466
1052 115908
1053 119643
1054 173040
1055 13632
1056 135404
1057 124736
1058 89379
1059 152685
1060 38265
1061 98444
1062 86667
1063 111184
1064 43428
1065 84607
1066 40905
1067 147001
1068 96313
1069 97135
1070 7072
1071 240318
1072 9013
1073 60268
1074 78806
1075 54253
1076 187638
1077 28155
1078 93638
1079 146106
1080 242359
1081 246376
1082 196281
1083 191803
1084 128855
1085 187198
1086 70765
1087 194150
1088 18882
1089 219563
1090 105618
1091 254000
1092 32434
1093 163213
1094 102315
1095 224577
1096 133666
1097 110746
1098 123957
1099 12564
1100 248476
1101 31832
1102 102884
1103 206688
1104 258141
1105 244104
1106 195888
1107 114239
1108 206547
1109 8488
1110 223867
1111 189703
1112 167104
1113 96171
1114 38719
1115 190886
1116 161176
1117 162790
1118 177931
1119 248770
1120 46719
1121 146144
1122 166066
1123 120870
1124 232660
1125 119975
1126 252839
1127 100277
1128 118794
1129 122583
1130 165353
1131 91382
1132 229096
1133 55431
1134 123014
1135 109453
1136 46134
1137 205328
1138 179224
1139 237929
1140 221633
1141 194932
1142 59883
1143 185368
1144 206997
1145 204422
1146 43209
1147 71667
1148 194759
1149 190659
1150 73883
1151 70466
1152 42789
1153 145125
1154 167024
1155 52316
1156 194666
1157 151307
1158 30348
1159 53595
1160 181257
1161 251976
1162 242888
1163 9817
1164 30195
1165 94201
1166 146640
1167 218115
1168 176407
1169 104988
1170 152857
1171 61042
1172 116288
1173 86167
1174 248566
1175 251575
1176 208820
1177 116030
1178 124359
1179 149624
1180 394
1181 158810
1182 67429
1183 215210
1184 149667
1185 143044
1186 138801
1187 148903
1188 169698
1189 111393
1190 65810
1191 10481
1192 230619
1193 229969
1194 8142
1195 185290
1196 6230
1197 230107
1198 166430
1199 5406
1200 175350
1201 23287
1202 44703
1203 82348
1204 109768
1205 90850
1206 101063
1207 252020
1208 233331
1209 28276
1210 143987
1211 218012
1212 130477
1213 111185
1214 73108
1215 70772
1216 85126
1217 200178
1218 258281
1219 215234
1220 134020
1221 32626
1222 80537
1223 120939
1224 120569
1225 50187
1226 188188
1227 125390
1228 158558
1229 175410
1230 110523
1231 224288
1232 171398
1233 120300
1234 236450
1235 191215
1236 48801
1237 255823
1238 27703
1239 130612
1240 159319
1241 196352
1242 92113
1243 139958
1244 241764
1245 44365
1246 158228
1247 152816
1248 14168
1249 179084
1250 127027
1251 145986
1252 91321
1253 109306
1254 68824
1255 78423
1256 124218
1257 28648
1258 216314
1259 28938
1260 118631
1261 26246
1262 8484
1263 207244
1264 131980
1265 134394
1266 70506
1267 246580
1268 42099
1269 167715
1270 224688
1271 117662
1272 77559
1273 227105
1274 230265
1275 110479
1276 190735
1277 76606
1278 59702
1279 210189
1280 178197
1281 166454
1282 247400
1283 90954
1284 216004
1285 241679
1286 219039
1287 219721
1288 161528
1289 88480
1290 206073
1291 56905
1292 198585
1293 16762
1294 229497
1295 59336
1296 87033
1297 58198
1298 109680
1299 159564
1300 66456
1301 140601
1302 96571
1303 151881
1304 203676
1305 120550
1306 119676
1307 254153
1308 217062
1309 185810
1310 157662
1311 64773
1312 160830
1313 220624
1314 96037
1315 87940
1316 154675
1317 203351
1318 242806
1319 107858
1320 40273
1321 178274
1322 38271
1323 33149
1324 70060
1325 8023
1326 161719
1327 145335
1328 42131
1329 163882
1330 147776
1331 135691
1332 217350
1333 59160
1334 108068
1335 7713
1336 192105
1337 196704
1338 36149
1339 32801
1340 102304
1341 244354
1342 193960
1343 189657
1344 123675
1345 55808
1346 114074
1347 246524
1348 149683
1349 27950
1350 55258
1351 84480
1352 33584
1353 65205
1354 98749
1355 184328
1356 152256
1357 92403
1358 126956
1359 162263
1360 66975
1361 147530
1362 221253
1363 190563
1364 86259
1365 168399
1366 216463
1367 47691
1368 160178
1369 178260
1370 68955
1371 238045
1372 164342
1373 85628
1374 67749
1375 57338
1376 61751
1377 7278
1378 192030
1379 182132
1380 205191
1381 185961
1382 82302
1383 126253
1384 77901
1385 234887
1386 249820
1387 38749
1388 32508
1389 169832
1390 258227
1391 77763
1392 133961
1393 219782
1394 199811
1395 212907
1396 179065
1397 303
1398 25786
1399 209582
1400 206939
1401 171846
1402 159081
1403 252345
1404 2927
1405 211604
1406 20919
1407 194871
1408 150239
1409 207037
1410 221895
1411 50841
1412 212774
1413 155555
1414 67047
1415 139842
1416 17872
1417 238956
1418 5953
1419 229077
1420 258410
1421 194247
1422 189436
1423 164144
1424 134080
1425 220291
1426 38308
1427 31302
1428 256243
1429 103633
1430 82356
1431 125395
1432 246408
1433 251603
1434 30262
1435 52828
1436 167876
1437 175958
1438 124754
1439 155099
1440 12415
1441 81770
1442 25391
1443 142326
1444 23874
1445 214408
1446 247686
1447 152034
1448 56212
1449 182633
1450 95959
1451 55805
1452 137334
1453 162639
1454 148294
1455 242885
1456 246130
1457 226287
1458 213236
1459 162520
1460 139025
1461 203803
1462 134992
1463 111047
1464 42667
1465 248668
1466 200546
1467 148579
1468 62298
1469 103401
1470 114860
1471 19526
1472 24794
1473 195620
1474 118495
1475 49743
1476 167280
1477 27591
1478 178393
1479 254243
1480 88497
1481 66305
1482 224017
1483 169566
1484 81834
1485 229120
1486 8570
1487 217262
1488 231934
1489 135492
1490 53635
1491 150475
1492 64429
1493 51493
1494 44212
1495 96608
1496 49385
1497 244033
1498 160606
1499 179534
1500 244092
1501 258274
1502 128393
1503 246300
1504 241328
1505 145182
1506 6837
1507 174216
1508 98003
1509 103696
1510 146119
1511 39030
1512 138208
1513 227117
1514 236837
1515 163405
1516 182651
1517 118963
1518 22499
1519 185053
1520 13932
1521 244129
1522 172494
1523 254041
1524 74377
1525 34560
1526 70626
1527 2878
1528 71624
1529 20303
1530 75504
1531 243212
1532 220314
1533 42773
1534 65495
1535 208494
1536 155369
1537 78994
1538 168223
1539 87304
1540 31565
1541 254351
1542 107244
1543 179642
1544 238689
1545 88147
1546 25240
1547 249525
1548 70671
1549 93312
1550 140393
1551 212901
1552 76739
1553 191442
1554 105420
1555 68084
1556 181289
1557 6468
1558 24948
1559 13601
1560 188472
1561 218643
1562 181651
1563 175491
1564 184553
1565 166254
1566 38335
1567 63850
1568 132934
1569 14099
1570 9202
1571 82226
1572 16209
1573 76704
1574 115297
1575 156895
1576 108513
1577 58454
1578 34151
1579 1466
1580 17192
1581 88706
1582 33774
1583 249894
1584 254396
1585 75497
1586 237954
1587 252557
1588 174308
1589 25421
1590 10107
1591 9065
1592 192400
1593 19782
1594 114039
1595 110016
1596 239768
1597 225584
1598 118013
1599 213162
1600 179057
1601 206031
1602 155844
1603 220146
1604 188457
1605 226670
1606 164670
1607 215608
1608 184844
1609 188736
1610 100388
1611 165898
1612 113841
1613 202389
1614 147450
1615 168696
1616 50814
1617 10286
1618 228197
1619 94246
1620 94898
1621 8146
1622 199979
1623 211141
1624 133292
1625 212041
1626 135796
1627 108637
1628 184575
1629 176483
1630 247751
1631 135267
1632 41300
1633 159056
1634 229650
1635 116154
1636 131130
1637 206092
1638 191336
1639 143857
1640 113224
1641 140625
1642 128640
1643 212651
1644 53314
1645 88908
1646 182797
1647 190216
1648 13149
1649 25953
1650 86409
1651 224274
1652 121745
1653 234936
1654 56100
1655 152382
1656 45014
1657 26283
1658 224265
1659 108392
1660 84034
1661 191990
1662 37583
1663 107007
1664 98407
1665 138920
1666 153191
1667 239144
1668 65637
1669 38588
1670 114350
1671 39748
1672 158796
1673 85946
1674 214278
1675 3242
1676 140806
1677 116058
1678 16829
1679 234503
1680 112355
1681 15430
1682 154046
1683 48879
1684 203215
1685 231779
1686 73575
1687 13352
1688 234462
1689 136085
1690 229328
1691 71582
1692 44133
1693 224816
1694 73132
1695 240803
1696 173088
1697 30133
1698 220302
1699 135124
1700 11146
1701 113534
1702 180352
1703 81820
1704 245149
1705 258946
1706 190600
1707 232340
1708 175340
1709 215207
1710 238197
1711 233630
1712 200176
1713 147582
1714 71674
1715 150757
1716 125406
1717 194067
1718 198922
1719 162845
1720 136293
1721 43948
1722 92391
1723 99128
1724 172921
1725 119043
1726 101428
1727 157865
1728 118085
1729 15219
1730 148999
1731 255191
1732 207389
1733 154009
1734 157341
1735 133150
1736 13880
1737 18220
1738 234423
1739 248776
1740 30840
1741 185478
1742 233396
1743 60061
1744 125090
1745 131046
1746 10492
1747 161832
1748 212374
1749 85478
1750 243078
1751 10911
1752 234293
1753 45894
1754 212617
1755 235238
1756 214354
1757 165575
1758 194503
1759 118055
1760 220971
1761 119862
1762 39112
1763 198387
1764 122385
1765 65244
1766 216467
1767 56835
1768 175144
1769 69055
1770 241463
1771 56981
1772 87050
1773 80429
1774 169002
1775 167976
1776 68358
1777 168408
1778 29006
1779 193389
1780 19800
1781 197980
1782 176350
1783 154810
1784 241341
1785 52013
1786 172678
1787 200495
1788 117452
1789 38410
1790 144102
1791 18227
1792 160856
1793 93802
1794 249991
1795 229821
1796 169864
1797 191400
1798 4693
1799 181859
1800 242814
1801 257459
1802 181290
1803 78517
1804 186084
1805 224202
1806 103756
1807 148449
1808 111798
1809 210232
1810 229648
1811 120413
1812 208103
1813 172016
1814 41660
1815 145305
1816 52047
1817 119776
1818 231561
1819 144929
1820 2873
1821 257502
1822 27526
1823 218097
1824 251735
1825 209993
1826 245593
1827 216796
1828 56474
1829 116483
1830 74349
1831 212794
1832 78768
1833 202287
1834 88089
1835 122035
1836 109599
1837 224828
1838 194332
1839 202978
1840 157175
1841 109404
1842 150146
1843 62556
1844 245489
1845 57296
1846 14702
1847 79896
1848 21751
1849 59380
1850 177282
1851 190032
1852 237667
1853 38873
1854 81953
1855 146722
1856 170597
1857 198823
1858 205053
1859 160516
1860 84742
1861 196951
1862 197156
1863 209808
1864 198870
1865 34356
1866 126908
1867 176478
1868 42927
1869 148356
1870 117983
1871 153109
1872 245599
1873 176628
1874 161852
1875 113233
1876 211388
1877 202395
1878 51508
1879 137972
1880 89534
1881 236810
1882 165605
1883 64378
1884 104056
1885 72255
1886 77887
1887 89025
1888 246264
1889 211544
1890 53603
1891 62511
1892 224985
1893 123707
1894 228207
1895 150462
1896 255534
1897 3816
1898 233823
1899 235926
1900 235465
1901 154827
1902 149653
1903 193465
1904 232690
1905 227969
1906 229664
1907 105749
1908 68591
1909 164250
1910 118571
1911 30063
1912 38411
1913 198125
1914 143995
1915 100998
1916 74394
1917 124324
1918 138212
1919 138853
1920 176196
1921 148169
1922 225699
1923 168439
1924 139167
1925 112304
1926 60087
1927 151924
1928 21799
1929 63353
1930 109528
1931 169546
1932 93722
1933 7871
1934 101863
1935 92936
1936 222099
1937 34265
1938 124023
1939 20789
1940 114255
1941 3676
1942 254556
1943 123977
1944 23279
1945 122282
1946 55088
1947 190701
1948 210859
1949 187792
1950 13079
1951 216523
1952 187310
1953 232193
1954 27249
1955 68839
1956 164341
1957 198791
1958 117623
1959 60475
1960 184599
1961 211423
1962 12884
1963 80620
1964 101495
1965 82726
1966 242483
1967 78439
1968 156499
1969 27495
1970 150654
1971 230567
1972 145116
1973 65012
1974 30003
1975 148346
1976 82730
1977 248312
1978 226154
1979 175060
1980 3359
1981 65025
1982 151676
1983 193847
1984 10675
1985 135021
1986 207214
1987 12250
1988 75435
1989 146505
1990 188408
1991 206180
1992 44817
1993 189513
1994 1645
1995 120595
1996 102130
1997 4412
1998 246420
1999 180559
2000 187944
2001 27475
2002 121279
2003 228144
2004 242073
2005 75743
2006 21957
2007 173355
2008 32871
2009 236397
2010 224173
2011 252882
2012 86203
2013 222639
2014 89795
2015 35308
2016 93697
2017 89747
2018 233718
2019 163236
2020 245813
2021 72625
2022 37945
2023 24862
2024 161425
2025 249372
2026 103455
2027 258679
2028 124513
2029 109406
2030 125050
2031 42909
2032 51747
2033 148378
2034 247048
2035 148149
2036 31491
2037 239308
2038 41109
2039 76817
2040 42914
2041 209028
2042 134850
2043 246563
2044 28940
2045 142021
2046 82372
2047 201176
2048 169061
2049 79030
2050 20061
2051 142962
2052 147394
2053 134749
2054 87600
2055 59948
2056 172769
2057 111969
2058 195354
2059 85527
2060 170867
2061 57453
2062 110357
2063 79040
2064 248707
2065 39865
2066 252742
2067 20521
2068 183397
2069 238809
2070 76267
2071 127279
2072 69575
2073 9916
2074 95237
2075 96298
2076 30795
2077 213383
2078 135996
2079 181285
2080 168667
2081 201099
2082 141381
2083 169708
2084 105729
2085 222940
2086 162035
2087 250404
2088 28486
2089 106600
2090 254088
2091 54295
2092 19839
2093 10007
2094 26645
2095 204082
2096 215274
2097 140499
2098 89198
2099 237592
2100 26391
2101 252953
2102 85068
2103 127003
2104 125878
2105 193229
2106 208863
2107 166869
2108 27663
2109 94396
2110 124022
2111 22756
2112 59464
2113 231537
2114 119923
2115 246838
2116 207525
2117 129720
2118 90896
2119 34303
2120 107578
2121 229337
2122 142060
2123 30102
2124 164091
2125 56067
2126 178446
2127 131299
2128 146878
2129 1023
2130 227785
2131 146146
2132 40495
2133 239364
2134 238929
2135 66596
2136 180688
2137 253031
2138 47366
2139 200959
2140 7862
2141 87934
2142 199548
2143 257710
2144 219265
2145 234436
2146 134977
2147 192621
2148 230023
2149 112720
2150 139865
2151 111106
2152 56730
2153 236165
2154 236958
2155 245973
2156 190097
2157 187693
2158 93596
2159 195697
2160 246338
2161 105568
2162 75798
2163 46407
2164 80979
2165 210035
2166 195142
2167 229962
2168 78785
2169 116745
2170 226803
2171 188329
2172 34369
2173 185428
2174 169751
2175 174550
2176 246297
2177 44061
2178 36271
2179 110402
2180 169185
2181 89840
2182 170734
2183 188117
2184 116314
2185 35825
2186 211907
2187 91337
2188 258047
2189 155602
2190 105099
2191 214643
2192 163666
2193 21112
2194 41336
2195 83566
2196 98450
2197 237365
2198 8159
2199 55513
2200 256727
2201 231830
2202 166008
2203 115042
2204 99542
2205 139920
2206 74555
2207 176499
2208 82886
2209 39236
2210 76193
2211 69967
2212 149088
2213 10092
2214 112882
2215 134597
2216 124673
2217 48786
2218 46531
2219 256899
2220 97095
2221 212922
2222 139860
2223 151562
2224 127308
2225 116451
2226 22194
2227 176973
2228 126100
2229 114900
2230 95582
2231 11180
2232 258560
2233 4388
2234 196450
2235 119120
2236 256621
2237 33955
2238 33215
2239 22914
2240 29249
2241 245590
2242 10853
2243 255882
2244 200648
2245 205072
2246 174347
2247 56498
2248 1074
2249 121560
2250 227804
2251 97275
2252 100
2253 64774
2254 180441
2255 65176
2256 254884
2257 209884
2258 174159
2259 2300
2260 16283
2261 126375
2262 156207
2263 13571
2264 131626
2265 243623
2266 196164
2267 108545
2268 196694
2269 109425
2270 227293
2271 36995
2272 229592
2273 76711
2274 51073
2275 205749
2276 160094
2277 120708
2278 15016
2279 7949
2280 25242
2281 243872
2282 207954
2283 107531
2284 73278
2285 127978
2286 50192
2287 197337
2288 209206
2289 200745
2290 174043
2291 254002
2292 183749
2293 248027
2294 203374
2295 156934
2296 26396
2297 74584
2298 21093
2299 212946
2300 55410
2301 90753
2302 78722
2303 75452
2304 191689
2305 257228
2306 196838
2307 114849
2308 239910
2309 16812
2310 256454
2311 82124
2312 172374
2313 53975
2314 161871
2315 56580
2316 4009
2317 42582
2318 242559
2319 80768
2320 224306
2321 130256
2322 48712
2323 137739
2324 440
2325 71014
2326 212552
2327 160946
2328 101265
2329 124479
2330 53977
2331 102824
2332 193462
2333 113461
2334 195430
2335 137278
2336 231753
2337 68132
2338 38682
2339 30285
2340 135870
2341 253821
2342 53035
2343 80944
2344 255703
2345 153438
2346 107282
2347 205167
2348 156023
2349 56272
2350 250454
2351 256286
2352 21893
2353 60692
2354 167649
2355 254216
2356 194881
2357 68645
2358 21400
2359 10546
2360 233196
2361 177216
2362 80590
2363 111507
2364 136808
2365 225186
2366 157531
2367 6829
2368 141137
2369 176953
2370 209739
2371 251499
2372 178852
2373 178743
2374 67194
2375 255753
2376 191341
2377 160738
2378 221993
2379 248071
2380 66427
2381 185638
2382 231573
2383 83780
2384 242650
2385 106273
2386 175637
2387 91311
2388 89799
2389 219713
2390 200560
2391 30384
2392 27270
2393 33563
2394 258403
2395 129868
2396 102526
2397 135278
2398 189630
2399 182353
2400 35081
2401 173001
2402 220336
2403 177256
2404 95010
2405 70294
2406 175547
2407 76150
2408 141963
2409 247110
2410 33698
2411 61982
2412 40175
2413 173311
2414 189039
2415 28610
2416 20032
2417 189077
2418 90511
2419 83339
2420 162738
2421 134410
2422 139265
2423 225098
2424 90899
2425 197307
2426 65214
2427 248906
2428 252208
2429 14461
2430 175303
2431 70689
2432 50932
2433 174467
2434 68553
2435 83320
2436 131173
2437 146816
2438 239328
2439 182909
2440 236176
2441 76969
2442 256299
2443 250720
2444 47706
2445 240744
2446 139535
2447 218166
2448 93957
2449 172467
2450 165510
2451 200749
2452 50580
2453 141495
2454 35859
2455 102373
2456 108344
2457 136504
2458 170910
2459 178415
2460 212974
2461 192180
2462 159583
2463 42303
2464 248984
2465 7906
2466 170102
2467 149663
2468 53701
2469 70334
2470 231344
2471 65448
2472 134718
2473 147219
2474 119313
2475 230778
2476 217324
2477 204371
2478 230300
2479 208931
2480 95005
2481 237847
2482 244511
2483 213079
2484 49541
2485 110444
2486 213515
2487 190734
2488 182258
2489 116904
2490 256522
2491 102902
2492 91658
2493 220847
2494 138295
2495 57127
2496 50927
2497 149563
2498 35769
2499 70286
2500 65483
2501 123469
2502 121500
2503 152390
2504 152898
2505 130474
2506 183909
2507 176613
2508 212698
2509 66858
2510 112859
2511 116221
2512 177114
2513 119715
2514 38381
2515 34143
2516 243814
2517 199996
2518 203166
2519 159542
2520 173788
2521 192564
2522 115948
2523 223743
2524 108062
2525 65714
2526 90035
2527 72056
2528 136826
2529 94457
2530 203115
2531 20626
2532 80196
2533 64047
2534 103063
2535 165843
2536 36854
2537 215710
2538 216280
2539 17892
2540 68834
2541 67994
2542 206193
2543 51942
2544 172407
2545 214011
2546 128903
2547 11308
2548 133977
2549 124355
2550 208019
2551 248659
2552 108064
2553 79650
2554 86179
2555 177624
2556 164620
2557 258376
2558 58619
2559 57853
2560 196568
2561 20035
2562 77377
2563 79155
2564 233348
2565 75788
2566 5245
2567 227488
2568 111385
2569 23692
2570 121426
2571 106968
2572 239616
2573 37231
2574 35344
2575 157314
2576 129751
2577 79551
2578 85921
2579 149564
2580 224721
2581 217955
2582 12204
2583 138798
2584 205498
2585 126851
2586 115572
2587 152763
2588 196095
2589 51030
2590 133347
2591 121776
2592 191391
2593 16375
2594 177690
2595 123375
2596 232379
2597 164484
2598 149861
2599 97044
2600 237710
2601 80244
2602 239830
2603 6800
2604 161580
2605 30240
2606 235362
2607 30385
2608 118766
2609 204573
2610 185713
2611 54946
2612 106561
2613 206422
2614 190902
2615 2085
2616 69203
2617 240553
2618 151604
2619 140259
2620 91422
2621 127199
2622 149072
2623 225993
2624 197934
2625 180647
2626 94490
2627 116785
2628 240217
2629 229679
2630 50838
2631 144583
2632 161989
2633 60571
2634 213614
2635 188499
2636 92959
2637 46367
2638 226230
2639 71248
2640 226001
2641 203218
2642 159617
2643 185491
2644 31027
2645 76570
2646 19957
2647 38011
2648 77446
2649 103189
2650 219258
2651 31485
2652 231480
2653 247618
2654 116057
2655 25158
2656 193727
2657 194356
2658 255493
2659 76987
2660 173596
2661 78753
2662 62955
2663 237033
2664 235124
2665 242715
2666 184218
2667 158919
2668 195474
2669 139320
2670 99203
2671 51743
2672 247050
2673 78177
2674 128167
2675 121467
2676 68633
2677 256408
2678 18169
2679 159821
2680 224798
2681 18365
2682 15065
2683 211787
2684 203245
2685 67306
2686 251467
2687 6095
2688 65002
2689 149353
2690 126098
2691 211924
2692 82386
2693 12318
2694 24400
2695 222202
2696 150478
2697 139840
2698 44923
2699 27798
2700 246200
2701 98666
2702 198821
2703 52317
2704 102052
2705 77770
2706 40577
2707 20007
2708 45908
2709 239909
2710 99694
2711 243678
2712 183141
2713 4043
2714 91528
2715 177648
2716 9813
2717 133316
2718 39862
2719 74017
2720 182172
2721 126891
2722 27951
2723 227379
2724 80210
2725 174417
2726 176364
2727 54633
2728 153050
2729 153613
2730 90855
2731 68031
2732 9789
2733 15903
2734 170055
2735 120523
2736 127736
2737 30245
2738 42033
2739 125934
2740 249339
2741 14368
2742 171751
2743 27682
2744 250699
2745 5792
2746 206430
2747 26599
2748 65361
2749 214040
2750 171882
2751 181497
2752 149046
2753 178867
2754 13241
2755 250549
2756 190523
2757 38394
2758 104749
2759 237960
2760 46124
2761 131099
2762 162044
2763 248049
2764 133413
2765 230543
2766 254751
2767 27547
2768 34078
2769 62916
2770 255456
2771 95466
2772 157011
2773 235973
2774 1335
2775 102446
2776 126831
2777 208924
2778 250169
2779 159180
2780 200481
2781 46865
2782 151552
2783 31204
2784 125766
2785 126514
2786 148927
2787 248271
2788 55900
2789 77642
2790 136478
2791 58361
2792 169501
2793 77416
2794 189627
2795 241538
2796 160652
2797 151412
2798 18647
2799 130318
2800 94931
2801 133784
2802 134906
2803 23163
2804 3892
2805 79366
2806 49912
2807 82249
2808 51787
2809 80855
2810 191395
2811 39858
2812 151943
2813 28755
2814 241365
2815 244218
2816 138837
2817 34648
2818 236774
2819 158037
2820 174797
2821 127998
2822 94416
2823 5396
2824 178372
2825 201277
2826 104112
2827 65898
2828 134634
2829 42332
2830 224743
2831 57232
2832 240234
2833 80256
2834 176828
2835 94984
2836 146220
2837 45649
2838 228454
2839 188999
2840 141975
2841 115845
2842 27535
2843 100806
2844 18543
2845 159575
2846 37348
2847 157069
2848 14325
2849 189089
2850 132963
2851 65995
2852 63731
2853 121950
2854 190510
2855 226476
2856 70266
2857 227449
2858 194557
2859 92146
2860 148548
2861 53089
2862 64842
2863 214761
2864 161382
2865 132213
2866 181522
2867 156358
2868 145505
2869 64009
2870 228225
2871 106440
2872 201200
2873 221577
2874 96139
2875 97143
2876 160539
2877 1632
2878 222986
2879 187790
2880 96942
2881 227252
2882 67215
2883 123453
2884 234631
2885 228441
2886 207183
2887 229065
2888 122289
2889 70024
2890 236841
2891 254902
2892 907
2893 38446
2894 237814
2895 76945
2896 218693
2897 231799
2898 26240
2899 113654
2900 230018
2901 219252
2902 192406
2903 147162
2904 39378
2905 143649
2906 152922
2907 208901
2908 122923
2909 67620
2910 218213
2911 41380
2912 198940
2913 100294
2914 133877
2915 180224
2916 60349
2917 74052
2918 124529
2919 15509
2920 248723
2921 114889
2922 179557
2923 134293
2924 242227
2925 224312
2926 188640
2927 225038
2928 135710
2929 100122
2930 215682
2931 186246
2932 19914
2933 254143
2934 150768
2935 191
2936 5926
2937 237909
2938 256834
2939 249437
2940 120991
2941 156887
2942 162986
2943 176089
2944 234429
2945 237985
2946 49652
2947 39732
2948 157529
2949 199970
2950 226752
2951 41138
2952 256047
2953 110228
2954 248116
2955 118668
2956 255892
2957 54298
2958 14779
2959 10960
2960 209687
2961 109653
2962 248841
2963 244870
2964 239750
2965 207069
2966 85214
2967 39784
2968 37961
2969 113226
2970 79761
2971 194003
2972 163292
2973 232796
2974 69387
2975 116166
2976 53153
2977 96590
2978 35482
2979 49699
2980 108450
2981 179972
2982 244756
2983 59247
2984 251088
2985 130581
2986 91149
2987 151435
2988 203721
2989 232515
2990 221437
2991 51108
2992 102989
2993 123236
2994 122012
2995 245858
2996 16670
2997 12841
2998 212742
2999 149931
3000 32644
3001 59319
3002 23526
3003 47804
3004 89880
3005 27529
3006 27259
3007 191565
3008 44507
3009 48669
3010 176795
3011 96968
3012 193625
3013 104283
3014 95209
3015 228462
3016 125492
3017 37014
3018 105176
3019 192753
3020 137438
3021 24125
3022 141425
3023 212849
3024 128587
3025 3337
3026 103466
3027 103276
3028 7287
3029 34686
3030 240066
3031 17098
3032 41577
3033 86832
3034 171386
3035 94812
3036 150872
3037 248148
3038 125882
3039 35111
3040 44006
3041 108246
3042 240173
3043 208683
3044 172433
3045 255899
3046 161315
3047 217138
3048 249155
3049 99822
3050 242880
3051 61022
3052 83479
3053 99457
3054 224068
3055 54437
3056 200298
3057 16943
3058 159374
3059 60846
3060 88723
3061 210916
3062 208289
3063 62660
3064 104027
3065 224200
3066 131830
3067 64182
3068 228709
3069 244362
3070 114055
3071 177196
3072 67371
3073 224136
3074 158562
3075 252379
3076 140042
3077 46860
3078 225585
3079 237666
3080 74777
3081 53676
3082 61481
3083 194677
3084 202815
3085 239803
3086 92870
3087 98214
3088 25098
3089 223797
3090 89410
3091 125670
3092 156591
3093 225926
3094 203705
3095 213185
3096 10161
3097 123980
3098 2623
3099 44341
3100 75122
3101 56222
3102 242463
3103 183250
3104 94374
3105 87123
3106 51007
3107 243370
3108 18195
3109 97470
3110 44621
3111 145782
3112 121233
3113 194376
3114 73936
3115 23641
3116 9247
3117 21855
3118 227132
3119 56075
3120 198113
3121 198656
3122 175897
3123 252419
3124 90342
3125 179066
3126 108780
3127 238926
3128 160425
3129 36105
3130 73887
3131 89299
3132 157067
3133 45642
3134 190310
3135 210641
3136 152552
3137 91111
3138 23220
3139 187318
3140 42320
3141 9851
3142 71115
3143 213299
3144 144676
3145 117233
3146 218496
3147 232452
3148 187731
3149 139991
3150 212691
3151 168716
3152 228094
3153 179794
3154 39965
3155 258380
3156 117919
3157 173237
3158 136680
3159 86960
3160 82483
3161 23076
3162 147823
3163 6196
3164 150688
3165 191345
3166 145834
3167 941
3168 34504
3169 77864
3170 216763
3171 170416
3172 140260
3173 252516
3174 6652
3175 37625
3176 137958
3177 4338
3178 183254
3179 243875
3180 201702
3181 18564
3182 176474
3183 224896
3184 40179
3185 115555
3186 107047
3187 10238
3188 3886
3189 30712
3190 257438
3191 231416
3192 90336
3193 252174
3194 254131
3195 94934
3196 201039
3197 59620
3198 104455
3199 196252
3200 130645
3201 162961
3202 34664
3203 13363
3204 137014
3205 142985
3206 40033
3207 58391
3208 84724
3209 152207
3210 227405
3211 200710
3212 241503
3213 190930
3214 20816
3215 177460
3216 116146
3217 84534
3218 139705
3219 154370
3220 231336
3221 210813
3222 39618
3223 129740
3224 46687
3225 4990
3226 35213
3227 116571
3228 250270
3229 202271
3230 52411
3231 44933
3232 199282
3233 181756
3234 64617
3235 61466
3236 77306
3237 134780
3238 170554
3239 142192
3240 99687
3241 41611
3242 38377
3243 69089
3244 78429
3245 186539
3246 62398
3247 124822
3248 214296
3249 70639
3250 15249
3251 6259
3252 248853
3253 123643
3254 231954
3255 8032
3256 83352
3257 77149
3258 213435
3259 112838
3260 107241
3261 50319
3262 14306
3263 31275
3264 59912
3265 170490
3266 193403
3267 217241
3268 204034
3269 155807
3270 15277
3271 120680
3272 52658
3273 35339
3274 183183
3275 233259
3276 239779
3277 102598
3278 12102
3279 121691
3280 207191
3281 143198
3282 109689
3283 148412
3284 181422
3285 203590
3286 223299
3287 244164
3288 214779
3289 75520
3290 171503
3291 102198
3292 143126
3293 233208
3294 71280
3295 31422
3296 225997
3297 191225
3298 61892
3299 146361
3300 141020
3301 138051
3302 38699
3303 167009
3304 168309
3305 138565
3306 197086
3307 237737
3308 56578
3309 67772
3310 139992
3311 118331
3312 193859
3313 146388
3314 183963
3315 175901
3316 91871
3317 230984
3318 129442
3319 234716
3320 38104
3321 51538
3322 215456
3323 200761
3324 206944
3325 238516
3326 78120
3327 68623
3328 228813
3329 233219
3330 88378
3331 136827
3332 35777
3333 183743
3334 12511
3335 253766
3336 125025
3337 28906
3338 77982
3339 43591
3340 149715
3341 239661
3342 194465
3343 53935
3344 138497
3345 243966
3346 94210
3347 185762
3348 249959
3349 47501
3350 3422
3351 75866
3352 164764
3353 207707
3354 222648
3355 248750
3356 64302
3357 57199
3358 34118
3359 150628
3360 100391
3361 105494
3362 233633
3363 231856
3364 174554
3365 121454
3366 105227
3367 90056
3368 157087
3369 72786
3370 34820
3371 123523
3372 88363
3373 27142
3374 139686
3375 93220
3376 30233
3377 84078
3378 253021
3379 119562
3380 83894
3381 248370
3382 10525
3383 172928
3384 215661
3385 254551
3386 218357
3387 136324
3388 142927
3389 128292
3390 115120
3391 187164
3392 110522
3393 151565
3394 89409
3395 254416
3396 140293
3397 61549
3398 236245
3399 19838
3400 150393
3401 82041
3402 240376
3403 22955
3404 54842
3405 76082
3406 205397
3407 226291
3408 146225
3409 135670
3410 253086
3411 164586
3412 39860
3413 232319
3414 94275
3415 185725
3416 157966
3417 24846
3418 223153
3419 35756
3420 99990
3421 202901
3422 69918
3423 11939
3424 156303
3425 225919
3426 31186
3427 148105
3428 33914
3429 245317
3430 131546
3431 150142
3432 213707
3433 118626
3434 172679
3435 19404
3436 178455
3437 47223
3438 203625
3439 139107
3440 619
3441 201535
3442 44765
3443 161846
3444 138605
3445 17025
3446 220990
3447 129556
3448 186173
3449 49576
3450 208839
3451 258908
3452 92845
3453 1012
3454 104603
3455 257651
3456 245309
3457 143409
3458 58722
3459 33629
3460 182285
3461 135189
3462 240789
3463 231414
3464 112664
3465 152589
3466 195015
3467 10715
3468 14749
3469 22409
3470 252997
3471 171641
3472 98781
3473 15571
3474 105393
3475 127257
3476 144747
3477 217895
3478 169689
3479 248355
3480 96529
3481 164193
3482 27092
3483 45484
3484 195757
3485 15281
3486 176322
3487 158858
3488 117447
3489 45730
3490 203108
3491 109349
3492 161835
3493 229823
3494 5172
3495 132927
3496 234033
3497 253433
3498 203107
3499 213207
3500 176300
3501 226160
3502 68935
3503 37130
3504 61110
3505 206087
3506 62624
3507 60793
3508 184547
3509 584
3510 223888
3511 45745
3512 161803
3513 33243
3514 95144
3515 11677
3516 6625
3517 132895
3518 181669
3519 251531
3520 98192
3521 109394
3522 919
3523 225624
3524 135863
3525 255160
3526 173777
3527 60951
3528 184867
3529 13170
3530 241115
3531 163027
3532 205421
3533 206207
3534 146363
3535 257124
3536 227344
3537 165980
3538 76122
3539 246430
3540 35663
3541 103773
3542 10421
3543 243043
3544 227997
3545 218629
3546 248706
3547 126115
3548 140185
3549 92784
3550 213198
3551 232758
3552 123073
3553 35654
3554 160839
3555 34780
3556 108377
3557 139028
3558 126893
3559 6559
3560 64283
3561 171943
3562 167669
3563 218593
3564 157912
3565 51418
3566 7543
3567 258749
3568 252672
3569 196900
3570 26245
3571 19143
3572 200359
3573 38694
3574 156262
3575 31552
3576 3766
3577 154081
3578 149006
3579 88030
3580 82881
3581 250771
3582 140351
3583 5638
3584 146863
3585 186513
3586 146633
3587 232731
3588 199042
3589 7037
3590 73399
3591 144728
3592 258872
3593 122355
3594 56028
3595 50877
3596 151338
3597 116161
3598 226189
3599 99007
3600 112633
3601 208647
3602 247819
3603 177701
3604 172735
3605 49140
3606 180126
3607 161541
3608 201318
3609 210150
3610 245044
3611 7268
3612 66667
3613 21581
3614 222200
3615 150630
3616 80198
3617 243687
3618 69724
3619 8934
3620 96365
3621 4528
3622 51303
3623 222273
3624 172209
3625 51949
3626 164712
3627 154901
3628 205997
3629 234693
3630 231821
3631 220944
3632 214733
3633 16728
3634 30536
3635 4028
3636 6499
3637 220051
3638 100430
3639 210762
3640 87060
3641 205226
3642 138927
3643 203399
3644 140643
3645 82876
3646 181973
3647 15162
3648 184592
3649 60226
3650 251617
3651 40222
3652 228573
3653 121033
3654 69556
3655 149953
3656 24252
3657 45808
3658 149265
3659 113174
3660 219430
3661 93824
3662 39191
3663 118749
3664 243064
3665 159963
3666 4952
3667 194042
3668 31046
3669 109444
3670 152407
3671 201674
3672 100467
3673 92520
3674 35658
3675 87692
3676 119189
3677 97903
3678 103199
3679 36753
3680 63269
3681 176441
3682 58880
3683 127645
3684 104363
3685 84396
3686 205510
3687 213213
3688 26368
3689 258186
3690 111244
3691 176030
3692 155815
3693 217114
3694 221560
3695 89444
3696 168881
3697 157948
3698 16959
3699 222072
3700 230257
3701 253261
3702 63354
3703 34105
3704 104235
3705 247177
3706 25373
3707 150022
3708 5174
3709 136068
3710 97606
3711 193755
3712 178525
3713 258263
3714 146862
3715 156311
3716 189056
3717 78247
3718 211424
3719 58301
3720 65247
3721 15744
3722 210168
3723 77895
3724 252404
3725 154259
3726 42601
3727 188838
3728 207407
3729 237797
3730 155407
3731 85554
3732 176375
3733 68267
3734 75025
3735 54654
3736 257530
3737 155767
3738 50737
3739 134440
3740 40145
3741 48602
3742 145983
3743 36847
3744 82752
3745 241040
3746 133664
3747 20585
3748 163836
3749 216269
3750 122122
3751 65578
3752 32327
3753 140003
3754 48544
3755 76161
3756 243996
3757 39808
3758 88991
3759 61459
3760 29952
3761 70355
3762 208811
3763 18230
3764 135624
3765 231862
3766 53307
3767 40404
3768 131593
3769 223913
3770 105585
3771 255486
3772 115205
3773 178318
3774 238836
3775 61116
3776 188497
3777 214882
3778 161045
3779 206801
3780 108842
3781 105417
3782 224416
3783 52526
3784 249039
3785 76251
3786 26918
3787 206555
3788 17160
3789 226656
3790 128509
3791 44687
3792 39306
3793 52219
3794 171638
3795 99847
3796 127417
3797 37573
3798 28867
3799 213285
3800 69824
3801 182446
3802 22063
3803 6169
3804 38262
3805 182479
3806 96904
3807 17091
3808 146002
3809 36427
3810 188433
3811 140025
3812 97430
3813 154798
3814 86890
3815 39920
3816 16324
3817 56898
3818 206322
3819 220347
3820 198494
3821 256507
3822 193144
3823 1559
3824 234499
3825 241756
3826 256887
3827 164525
3828 242319
3829 67308
3830 183185
3831 240692
3832 35059
3833 81338
3834 112842
3835 91385
3836 201346
3837 235018
3838 187007
3839 125164
3840 202007
3841 234013
3842 87794
3843 56190
3844 162793
3845 27093
3846 9840
3847 250776
3848 87517
3849 236966
3850 113703
3851 203964
3852 215440
3853 79302
3854 52536
3855 87889
3856 41910
3857 28001
3858 95137
3859 96415
3860 1515
3861 215431
3862 170463
3863 210544
3864 55489
3865 193084
3866 168150
3867 207877
3868 188413
3869 43008
3870 152121
3871 180782
3872 56094
3873 211209
3874 10297
3875 249952
3876 232538
3877 216801
3878 161817
3879 59184
3880 168906
3881 114278
3882 232636
3883 228608
3884 93882
3885 173045
3886 192188
3887 231931
3888 561
3889 2757
3890 12450
3891 171805
3892 29906
3893 112324
3894 6918
3895 228672
3896 222917
3897 14569
3898 190577
3899 33440
3900 240336
3901 90777
3902 19495
3903 131606
3904 222846
3905 173856
3906 244432
3907 82582
3908 251053
3909 12507
3910 85339
3911 97499
3912 174078
3913 85291
3914 215340
3915 225420
3916 6181
3917 3087
3918 201444
3919 170806
3920 213729
3921 194265
3922 121733
3923 106870
3924 256367
3925 139879
3926 107350
3927 207444
3928 211636
3929 241999
3930 177541
3931 223974
3932 9989
3933 108345
3934 78987
3935 105046
3936 28750
3937 241719
3938 145032
3939 54064
3940 62087
3941 95521
3942 125092
3943 228898
3944 237825
3945 238229
3946 5843
3947 125002
3948 160328
3949 73097
3950 204565
3951 57140
3952 73568
3953 253567
3954 23858
3955 171520
3956 65494
3957 216945
3958 80985
3959 128262
3960 7422
3961 87764
3962 79438
3963 28515
3964 185766
3965 226905
3966 127054
3967 39716
3968 78522
3969 43494
3970 123602
3971 19629
3972 117262
3973 80344
3974 69589
3975 68828
3976 95042
3977 112854
3978 49477
3979 198495
3980 144695
3981 154508
3982 258000
3983 52918
3984 109343
3985 256604
3986 219498
3987 206047
3988 134748
3989 162871
3990 43815
3991 141922
3992 76110
3993 58353
3994 62606
3995 92595
3996 183004
3997 44041
3998 193703
3999 31887
4000 152899
